# y+, tke, epsilon, grad_u_11, grad_u_12, grad_u_13, grad_u_21, grad_u_22, grad_u_23, grad_u_31, grad_u_32, grad_u_33, uu_11, uu_12, uu_13, uu_21, uu_22, uu_23, uu_31, uu_32, uu_33
0.000000000000000000e+00 8.435645000000000966e-28 -2.314799999999999913e-01 0.000000000000000000e+00 5.871900000000000546e+02 0.000000000000000000e+00 0.000000000000000000e+00 0.000000000000000000e+00 0.000000000000000000e+00 0.000000000000000000e+00 -3.764500000000000068e-01 0.000000000000000000e+00 7.800300000000000014e-28 -3.410999999999999826e-32 -2.061399999999999861e-30 -3.410999999999999826e-32 5.417900000000000533e-29 -1.252100000000000093e-31 -2.061399999999999861e-30 -1.252100000000000093e-31 8.529200000000000408e-28
4.421499999999999736e-02 2.259352623699999911e-04 -2.301799999999999957e-01 0.000000000000000000e+00 5.875900000000000318e+02 0.000000000000000000e+00 0.000000000000000000e+00 0.000000000000000000e+00 0.000000000000000000e+00 0.000000000000000000e+00 -3.776599999999999957e-01 0.000000000000000000e+00 3.206099999999999814e-04 -8.364300000000000326e-08 -3.664899999999999948e-07 -8.364300000000000326e-08 5.247399999999999891e-10 -1.275799999999999875e-10 -3.664899999999999948e-07 -1.275799999999999875e-10 1.312599999999999867e-04
1.768500000000000072e-01 3.571714469999999995e-03 -2.252399999999999958e-01 0.000000000000000000e+00 5.877500000000000000e+02 0.000000000000000000e+00 0.000000000000000000e+00 0.000000000000000000e+00 0.000000000000000000e+00 0.000000000000000000e+00 -3.795100000000000140e-01 0.000000000000000000e+00 5.113600000000000263e-03 -5.416499999999999725e-06 -6.064600000000000347e-06 -5.416499999999999725e-06 1.289399999999999886e-07 -8.253900000000000211e-09 -6.064600000000000347e-06 -8.253900000000000211e-09 2.029700000000000167e-03
3.978900000000000214e-01 1.776309564999999785e-02 -2.181899999999999951e-01 0.000000000000000000e+00 5.873099999999999454e+02 0.000000000000000000e+00 0.000000000000000000e+00 0.000000000000000000e+00 0.000000000000000000e+00 0.000000000000000000e+00 -3.788599999999999746e-01 0.000000000000000000e+00 2.578499999999999889e-02 -6.283799999999999705e-05 -3.085599999999999731e-05 -6.283799999999999705e-05 3.091299999999999947e-06 -9.286200000000000131e-08 -3.085599999999999731e-05 -9.286200000000000131e-08 9.738099999999999534e-03
7.073000000000000398e-01 5.485758400000000090e-02 -2.102300000000000002e-01 0.000000000000000000e+00 5.867999999999999545e+02 0.000000000000000000e+00 0.000000000000000000e+00 0.000000000000000000e+00 0.000000000000000000e+00 0.000000000000000000e+00 -3.788400000000000101e-01 0.000000000000000000e+00 8.109600000000000142e-02 -3.609999999999999928e-04 -9.620099999999999593e-05 -3.609999999999999928e-04 2.816799999999999865e-05 -4.967399999999999866e-07 -9.620099999999999593e-05 -4.967399999999999866e-07 2.859099999999999836e-02
1.104999999999999982e+00 1.303032249999999947e-01 -2.021499999999999964e-01 0.000000000000000000e+00 5.857599999999999909e+02 0.000000000000000000e+00 0.000000000000000000e+00 0.000000000000000000e+00 0.000000000000000000e+00 0.000000000000000000e+00 -3.793699999999999850e-01 0.000000000000000000e+00 1.968300000000000050e-01 -1.407899999999999907e-03 -2.303399999999999935e-04 -1.407899999999999907e-03 1.494500000000000006e-04 -1.726799999999999925e-06 -2.303399999999999935e-04 -1.726799999999999925e-06 6.362700000000000300e-02
1.590999999999999970e+00 2.617695150000000082e-01 -1.940699999999999925e-01 0.000000000000000000e+00 5.835499999999999545e+02 0.000000000000000000e+00 0.000000000000000000e+00 0.000000000000000000e+00 0.000000000000000000e+00 0.000000000000000000e+00 -3.806899999999999729e-01 0.000000000000000000e+00 4.048200000000000132e-01 -4.272200000000000303e-03 -4.601200000000000060e-04 -4.272200000000000303e-03 5.590299999999999653e-04 -4.417099999999999603e-06 -4.601200000000000060e-04 -4.417099999999999603e-06 1.181600000000000011e-01
2.165200000000000014e+00 4.671720999999999790e-01 -1.854000000000000092e-01 0.000000000000000000e+00 5.791000000000000227e+02 0.000000000000000000e+00 0.000000000000000000e+00 0.000000000000000000e+00 0.000000000000000000e+00 0.000000000000000000e+00 -3.830299999999999816e-01 0.000000000000000000e+00 7.397899999999999476e-01 -1.080599999999999963e-02 -8.066800000000000489e-04 -1.080599999999999963e-02 1.634199999999999932e-03 -8.739600000000000146e-06 -8.066800000000000489e-04 -8.739600000000000146e-06 1.929200000000000081e-01
2.827500000000000124e+00 7.609924999999999606e-01 -1.754000000000000004e-01 0.000000000000000000e+00 5.708400000000000318e+02 0.000000000000000000e+00 0.000000000000000000e+00 0.000000000000000000e+00 0.000000000000000000e+00 0.000000000000000000e+00 -3.858500000000000263e-01 0.000000000000000000e+00 1.232099999999999973e+00 -2.366400000000000101e-02 -1.281000000000000021e-03 -2.366400000000000101e-02 3.975000000000000235e-03 -1.334900000000000043e-05 -1.281000000000000021e-03 -1.334900000000000043e-05 2.859099999999999975e-01
3.577799999999999869e+00 1.148608550000000061e+00 -1.640999999999999959e-01 0.000000000000000000e+00 5.569700000000000273e+02 0.000000000000000000e+00 0.000000000000000000e+00 0.000000000000000000e+00 0.000000000000000000e+00 0.000000000000000000e+00 -3.872599999999999931e-01 0.000000000000000000e+00 1.895699999999999941e+00 -4.592299999999999854e-02 -1.896899999999999975e-03 -4.592299999999999854e-02 8.387099999999999764e-03 -1.416400000000000025e-05 -1.896899999999999975e-03 -1.416400000000000025e-05 3.931299999999999795e-01
4.416000000000000369e+00 1.620588999999999835e+00 -1.527799999999999991e-01 0.000000000000000000e+00 5.359199999999999591e+02 0.000000000000000000e+00 0.000000000000000000e+00 0.000000000000000000e+00 0.000000000000000000e+00 0.000000000000000000e+00 -3.836200000000000165e-01 0.000000000000000000e+00 2.715700000000000003e+00 -8.024599999999999789e-02 -2.672799999999999915e-03 -8.024599999999999789e-02 1.580799999999999914e-02 -3.728299999999999947e-06 -2.672799999999999915e-03 -3.728299999999999947e-06 5.096699999999999564e-01
5.341899999999999871e+00 2.150465499999999697e+00 -1.434300000000000019e-01 0.000000000000000000e+00 5.069200000000000159e+02 0.000000000000000000e+00 0.000000000000000000e+00 0.000000000000000000e+00 0.000000000000000000e+00 0.000000000000000000e+00 -3.703799999999999870e-01 0.000000000000000000e+00 3.642799999999999816e+00 -1.279099999999999959e-01 -3.613499999999999959e-03 -1.279099999999999959e-01 2.720099999999999948e-02 2.765799999999999845e-05 -3.613499999999999959e-03 2.765799999999999845e-05 6.309299999999999908e-01
6.355500000000000149e+00 2.699088999999999849e+00 -1.374499999999999889e-01 0.000000000000000000e+00 4.704300000000000068e+02 0.000000000000000000e+00 0.000000000000000000e+00 0.000000000000000000e+00 0.000000000000000000e+00 0.000000000000000000e+00 -3.443800000000000194e-01 0.000000000000000000e+00 4.601399999999999935e+00 -1.881200000000000094e-01 -4.643000000000000425e-03 -1.881200000000000094e-01 4.344800000000000051e-02 8.819599999999999380e-05 -4.643000000000000425e-03 8.819599999999999380e-05 7.533300000000000551e-01
7.456500000000000128e+00 3.223825999999999858e+00 -1.348499999999999976e-01 0.000000000000000000e+00 4.281399999999999864e+02 0.000000000000000000e+00 0.000000000000000000e+00 0.000000000000000000e+00 0.000000000000000000e+00 0.000000000000000000e+00 -3.067400000000000126e-01 0.000000000000000000e+00 5.507900000000000240e+00 -2.580500000000000016e-01 -5.583699999999999601e-03 -2.580500000000000016e-01 6.526200000000000057e-02 1.798199999999999961e-04 -5.583699999999999601e-03 1.798199999999999961e-04 8.744899999999999896e-01
8.644899999999999807e+00 3.688763499999999862e+00 -1.343999999999999917e-01 0.000000000000000000e+00 3.825600000000000023e+02 0.000000000000000000e+00 0.000000000000000000e+00 0.000000000000000000e+00 0.000000000000000000e+00 0.000000000000000000e+00 -2.633800000000000030e-01 0.000000000000000000e+00 6.291500000000000092e+00 -3.335000000000000187e-01 -6.194100000000000127e-03 -3.335000000000000187e-01 9.312700000000000145e-02 2.954499999999999986e-04 -6.194100000000000127e-03 2.954499999999999986e-04 9.929000000000000048e-01
9.920400000000000773e+00 4.070974999999999788e+00 -1.345000000000000084e-01 0.000000000000000000e+00 3.363899999999999864e+02 0.000000000000000000e+00 0.000000000000000000e+00 0.000000000000000000e+00 0.000000000000000000e+00 0.000000000000000000e+00 -2.216899999999999982e-01 0.000000000000000000e+00 6.907300000000000217e+00 -4.099099999999999966e-01 -6.249900000000000073e-03 -4.099099999999999966e-01 1.272500000000000020e-01 4.222300000000000011e-04 -6.249900000000000073e-03 4.222300000000000011e-04 1.107399999999999940e+00
1.128299999999999947e+01 4.361570000000000391e+00 -1.338999999999999913e-01 0.000000000000000000e+00 2.919700000000000273e+02 0.000000000000000000e+00 0.000000000000000000e+00 0.000000000000000000e+00 0.000000000000000000e+00 0.000000000000000000e+00 -1.849099999999999910e-01 0.000000000000000000e+00 7.339000000000000412e+00 -4.832500000000000129e-01 -5.538399999999999747e-03 -4.832500000000000129e-01 1.675399999999999945e-01 5.485800000000000095e-04 -5.538399999999999747e-03 5.485800000000000095e-04 1.216599999999999904e+00
1.273199999999999932e+01 4.563435000000000130e+00 -1.319899999999999962e-01 0.000000000000000000e+00 2.509900000000000091e+02 0.000000000000000000e+00 0.000000000000000000e+00 0.000000000000000000e+00 0.000000000000000000e+00 0.000000000000000000e+00 -1.493400000000000005e-01 0.000000000000000000e+00 7.594000000000000306e+00 -5.506600000000000383e-01 -3.915100000000000351e-03 -5.506600000000000383e-01 2.135700000000000098e-01 6.687600000000000142e-04 -3.915100000000000351e-03 6.687600000000000142e-04 1.319299999999999917e+00
1.426800000000000068e+01 4.686465000000000103e+00 -1.286899999999999988e-01 0.000000000000000000e+00 2.143899999999999864e+02 0.000000000000000000e+00 0.000000000000000000e+00 0.000000000000000000e+00 0.000000000000000000e+00 0.000000000000000000e+00 -1.083800000000000041e-01 0.000000000000000000e+00 7.694300000000000139e+00 -6.104600000000000026e-01 -1.406099999999999971e-03 -6.104600000000000026e-01 2.646299999999999764e-01 7.783500000000000271e-04 -1.406099999999999971e-03 7.783500000000000271e-04 1.413999999999999924e+00
1.589000000000000057e+01 4.743920000000000137e+00 -1.242199999999999971e-01 0.000000000000000000e+00 1.825099999999999909e+02 0.000000000000000000e+00 0.000000000000000000e+00 0.000000000000000000e+00 0.000000000000000000e+00 0.000000000000000000e+00 -5.618000000000000077e-02 0.000000000000000000e+00 7.668400000000000105e+00 -6.620599999999999818e-01 1.726700000000000066e-03 -6.620599999999999818e-01 3.197400000000000242e-01 8.742300000000000374e-04 1.726700000000000066e-03 8.742300000000000374e-04 1.499700000000000033e+00
1.759700000000000131e+01 4.749584999999999724e+00 -1.188799999999999996e-01 0.000000000000000000e+00 1.552400000000000091e+02 0.000000000000000000e+00 0.000000000000000000e+00 0.000000000000000000e+00 0.000000000000000000e+00 0.000000000000000000e+00 9.032099999999999504e-03 0.000000000000000000e+00 7.545600000000000307e+00 -7.056099999999999595e-01 5.152000000000000329e-03 -7.056099999999999595e-01 3.777699999999999947e-01 9.527199999999999992e-04 5.152000000000000329e-03 9.527199999999999992e-04 1.575800000000000090e+00
1.939099999999999824e+01 4.716260000000000119e+00 -1.129600000000000048e-01 0.000000000000000000e+00 1.321999999999999886e+02 0.000000000000000000e+00 0.000000000000000000e+00 0.000000000000000000e+00 0.000000000000000000e+00 0.000000000000000000e+00 7.911300000000000276e-02 0.000000000000000000e+00 7.352899999999999991e+00 -7.417200000000000459e-01 8.662400000000000655e-03 -7.417200000000000459e-01 4.375200000000000200e-01 1.005199999999999930e-03 8.662400000000000655e-03 1.005199999999999930e-03 1.642099999999999893e+00
2.126999999999999957e+01 4.654790000000000205e+00 -1.067099999999999993e-01 0.000000000000000000e+00 1.129000000000000057e+02 0.000000000000000000e+00 0.000000000000000000e+00 0.000000000000000000e+00 0.000000000000000000e+00 0.000000000000000000e+00 1.359100000000000030e-01 0.000000000000000000e+00 7.113199999999999967e+00 -7.712099999999999511e-01 1.221999999999999996e-02 -7.712099999999999511e-01 4.977800000000000002e-01 1.016799999999999995e-03 1.221999999999999996e-02 1.016799999999999995e-03 1.698600000000000110e+00
2.323499999999999943e+01 4.574135000000000062e+00 -1.003700000000000009e-01 0.000000000000000000e+00 9.685200000000000387e+01 0.000000000000000000e+00 0.000000000000000000e+00 0.000000000000000000e+00 0.000000000000000000e+00 0.000000000000000000e+00 1.622800000000000076e-01 0.000000000000000000e+00 6.844800000000000217e+00 -7.949500000000000455e-01 1.572199999999999986e-02 -7.949500000000000455e-01 5.574700000000000211e-01 9.789200000000000939e-04 1.572199999999999986e-02 9.789200000000000939e-04 1.745999999999999996e+00
2.528399999999999892e+01 4.481230000000000047e+00 -9.408700000000000396e-02 0.000000000000000000e+00 8.354999999999999716e+01 0.000000000000000000e+00 0.000000000000000000e+00 0.000000000000000000e+00 0.000000000000000000e+00 0.000000000000000000e+00 1.565900000000000070e-01 0.000000000000000000e+00 6.561899999999999622e+00 -8.138100000000000334e-01 1.890299999999999966e-02 -8.138100000000000334e-01 6.155599999999999961e-01 9.080600000000000303e-04 1.890299999999999966e-02 9.080600000000000303e-04 1.784999999999999920e+00
2.741799999999999926e+01 4.382109999999999950e+00 -8.789800000000000391e-02 0.000000000000000000e+00 7.252100000000000080e+01 0.000000000000000000e+00 0.000000000000000000e+00 0.000000000000000000e+00 0.000000000000000000e+00 0.000000000000000000e+00 1.309700000000000031e-01 0.000000000000000000e+00 6.276299999999999990e+00 -8.286299999999999777e-01 2.140999999999999848e-02 -8.286299999999999777e-01 6.712200000000000388e-01 8.405300000000000315e-04 2.140999999999999848e-02 8.405300000000000315e-04 1.816699999999999982e+00
2.963700000000000045e+01 4.281044999999999767e+00 -8.188700000000000145e-02 0.000000000000000000e+00 6.335600000000000165e+01 0.000000000000000000e+00 0.000000000000000000e+00 0.000000000000000000e+00 0.000000000000000000e+00 0.000000000000000000e+00 1.006999999999999978e-01 0.000000000000000000e+00 5.996599999999999930e+00 -8.401300000000000434e-01 2.309200000000000141e-02 -8.401300000000000434e-01 7.237900000000000444e-01 7.960400000000000288e-04 2.309200000000000141e-02 7.960400000000000288e-04 1.841699999999999893e+00
3.193900000000000006e+01 4.180954999999999977e+00 -7.616299999999999459e-02 0.000000000000000000e+00 5.572800000000000153e+01 0.000000000000000000e+00 0.000000000000000000e+00 0.000000000000000000e+00 0.000000000000000000e+00 0.000000000000000000e+00 8.015300000000000202e-02 0.000000000000000000e+00 5.728200000000000180e+00 -8.488999999999999879e-01 2.393800000000000094e-02 -8.488999999999999879e-01 7.728099999999999969e-01 7.760399999999999764e-04 2.393800000000000094e-02 7.760399999999999764e-04 1.860899999999999999e+00
3.432500000000000284e+01 4.083594999999999864e+00 -7.080500000000000682e-02 0.000000000000000000e+00 4.937299999999999756e+01 0.000000000000000000e+00 0.000000000000000000e+00 0.000000000000000000e+00 0.000000000000000000e+00 0.000000000000000000e+00 6.866999999999999493e-02 0.000000000000000000e+00 5.474599999999999689e+00 -8.553699999999999637e-01 2.411400000000000002e-02 -8.553699999999999637e-01 8.179899999999999949e-01 7.617299999999999592e-04 2.411400000000000002e-02 7.617299999999999592e-04 1.874600000000000044e+00
3.679399999999999693e+01 3.990009999999999835e+00 -6.582699999999999663e-02 0.000000000000000000e+00 4.406300000000000239e+01 0.000000000000000000e+00 0.000000000000000000e+00 0.000000000000000000e+00 0.000000000000000000e+00 0.000000000000000000e+00 6.294099999999999695e-02 0.000000000000000000e+00 5.237599999999999589e+00 -8.598999999999999977e-01 2.385900000000000173e-02 -8.598999999999999977e-01 8.591199999999999948e-01 7.539299999999999865e-04 2.385900000000000173e-02 7.539299999999999865e-04 1.883299999999999974e+00
3.934599999999999653e+01 3.900909999999999656e+00 -6.120600000000000346e-02 0.000000000000000000e+00 3.960000000000000142e+01 0.000000000000000000e+00 0.000000000000000000e+00 0.000000000000000000e+00 0.000000000000000000e+00 0.000000000000000000e+00 6.589599999999999624e-02 0.000000000000000000e+00 5.018299999999999983e+00 -8.628000000000000114e-01 2.340899999999999925e-02 -8.628000000000000114e-01 8.961200000000000276e-01 7.730200000000000222e-04 2.340899999999999925e-02 7.730200000000000222e-04 1.887399999999999967e+00
4.198100000000000165e+01 3.816450000000000120e+00 -5.695599999999999968e-02 0.000000000000000000e+00 3.584000000000000341e+01 0.000000000000000000e+00 0.000000000000000000e+00 0.000000000000000000e+00 0.000000000000000000e+00 0.000000000000000000e+00 7.610300000000000398e-02 0.000000000000000000e+00 4.816600000000000215e+00 -8.643399999999999972e-01 2.294699999999999865e-02 -8.643399999999999972e-01 9.290000000000000480e-01 8.343400000000000382e-04 2.294699999999999865e-02 8.343400000000000382e-04 1.887299999999999978e+00
4.469800000000000040e+01 3.736705000000000165e+00 -5.305100000000000093e-02 0.000000000000000000e+00 3.268299999999999983e+01 0.000000000000000000e+00 0.000000000000000000e+00 0.000000000000000000e+00 0.000000000000000000e+00 0.000000000000000000e+00 7.931599999999999762e-02 0.000000000000000000e+00 4.631800000000000139e+00 -8.646700000000000497e-01 2.251099999999999976e-02 -8.646700000000000497e-01 9.579100000000000392e-01 9.081999999999999578e-04 2.251099999999999976e-02 9.081999999999999578e-04 1.883699999999999930e+00
4.749600000000000222e+01 3.661265000000000214e+00 -4.949100000000000027e-02 0.000000000000000000e+00 3.004400000000000048e+01 0.000000000000000000e+00 0.000000000000000000e+00 0.000000000000000000e+00 0.000000000000000000e+00 0.000000000000000000e+00 6.815999999999999837e-02 0.000000000000000000e+00 4.462500000000000355e+00 -8.638799999999999812e-01 2.198900000000000160e-02 -8.638799999999999812e-01 9.830299999999999594e-01 9.583099999999999778e-04 2.198900000000000160e-02 9.583099999999999778e-04 1.877000000000000002e+00
5.037599999999999767e+01 3.589949999999999974e+00 -4.624799999999999744e-02 0.000000000000000000e+00 2.781599999999999895e+01 0.000000000000000000e+00 0.000000000000000000e+00 0.000000000000000000e+00 0.000000000000000000e+00 0.000000000000000000e+00 5.058100000000000096e-02 0.000000000000000000e+00 4.307599999999999874e+00 -8.621499999999999719e-01 2.113900000000000154e-02 -8.621499999999999719e-01 1.004599999999999937e+00 9.882199999999999405e-04 2.113900000000000154e-02 9.882199999999999405e-04 1.867699999999999916e+00
5.333599999999999852e+01 3.522549999999999848e+00 -4.328400000000000303e-02 0.000000000000000000e+00 2.591400000000000148e+01 0.000000000000000000e+00 0.000000000000000000e+00 0.000000000000000000e+00 0.000000000000000000e+00 0.000000000000000000e+00 2.405099999999999946e-02 0.000000000000000000e+00 4.166199999999999903e+00 -8.596700000000000452e-01 1.968299999999999911e-02 -8.596700000000000452e-01 1.022799999999999931e+00 1.020800000000000093e-03 1.968299999999999911e-02 1.020800000000000093e-03 1.856100000000000083e+00
5.637700000000000244e+01 3.459099999999999842e+00 -4.057399999999999896e-02 0.000000000000000000e+00 2.428000000000000114e+01 0.000000000000000000e+00 0.000000000000000000e+00 0.000000000000000000e+00 0.000000000000000000e+00 0.000000000000000000e+00 -3.220599999999999852e-02 0.000000000000000000e+00 4.037099999999999689e+00 -8.566300000000000026e-01 1.770199999999999899e-02 -8.566300000000000026e-01 1.038000000000000034e+00 1.007400000000000092e-03 1.770199999999999899e-02 1.007400000000000092e-03 1.843099999999999961e+00
5.949799999999999756e+01 3.399349999999999650e+00 -3.810100000000000292e-02 0.000000000000000000e+00 2.285999999999999943e+01 0.000000000000000000e+00 0.000000000000000000e+00 0.000000000000000000e+00 0.000000000000000000e+00 0.000000000000000000e+00 -1.134000000000000008e-01 0.000000000000000000e+00 3.919399999999999995e+00 -8.532300000000000439e-01 1.544599999999999966e-02 -8.532300000000000439e-01 1.050300000000000011e+00 9.114799999999999942e-04 1.544599999999999966e-02 9.114799999999999942e-04 1.828999999999999959e+00
6.269800000000000040e+01 3.343199999999999950e+00 -3.583599999999999980e-02 0.000000000000000000e+00 2.160800000000000054e+01 0.000000000000000000e+00 0.000000000000000000e+00 0.000000000000000000e+00 0.000000000000000000e+00 0.000000000000000000e+00 -1.925499999999999989e-01 0.000000000000000000e+00 3.812500000000000000e+00 -8.496299999999999963e-01 1.317899999999999974e-02 -8.496299999999999963e-01 1.059900000000000064e+00 7.460400000000000061e-04 1.317899999999999974e-02 7.460400000000000061e-04 1.814000000000000057e+00
6.597700000000000387e+01 3.290399999999999991e+00 -3.375700000000000228e-02 0.000000000000000000e+00 2.050499999999999901e+01 0.000000000000000000e+00 0.000000000000000000e+00 0.000000000000000000e+00 0.000000000000000000e+00 0.000000000000000000e+00 -2.422499999999999931e-01 0.000000000000000000e+00 3.715800000000000214e+00 -8.459100000000000508e-01 1.123599999999999946e-02 -8.459100000000000508e-01 1.067099999999999937e+00 5.596899999999999488e-04 1.123599999999999946e-02 5.596899999999999488e-04 1.797900000000000054e+00
6.933499999999999375e+01 3.240400000000000169e+00 -3.186300000000000243e-02 0.000000000000000000e+00 1.954400000000000048e+01 0.000000000000000000e+00 0.000000000000000000e+00 0.000000000000000000e+00 0.000000000000000000e+00 0.000000000000000000e+00 -2.661600000000000077e-01 0.000000000000000000e+00 3.628299999999999859e+00 -8.419499999999999762e-01 9.750699999999999298e-03 -8.419499999999999762e-01 1.072200000000000042e+00 3.807300000000000224e-04 9.750699999999999298e-03 3.807300000000000224e-04 1.780299999999999994e+00
7.277100000000000080e+01 3.192750000000000199e+00 -3.014100000000000112e-02 0.000000000000000000e+00 1.870700000000000074e+01 0.000000000000000000e+00 0.000000000000000000e+00 0.000000000000000000e+00 0.000000000000000000e+00 0.000000000000000000e+00 -2.773200000000000109e-01 0.000000000000000000e+00 3.548599999999999977e+00 -8.376000000000000112e-01 8.284700000000000744e-03 -8.376000000000000112e-01 1.075499999999999901e+00 2.123600000000000064e-04 8.284700000000000744e-03 2.123600000000000064e-04 1.761400000000000077e+00
7.628400000000000603e+01 3.147199999999999775e+00 -2.856200000000000058e-02 0.000000000000000000e+00 1.796499999999999986e+01 0.000000000000000000e+00 0.000000000000000000e+00 0.000000000000000000e+00 0.000000000000000000e+00 0.000000000000000000e+00 -2.895599999999999841e-01 0.000000000000000000e+00 3.475299999999999834e+00 -8.328299999999999592e-01 6.801999999999999887e-03 -8.328299999999999592e-01 1.077299999999999924e+00 4.315899999999999793e-05 6.801999999999999887e-03 4.315899999999999793e-05 1.741800000000000015e+00
7.987399999999999523e+01 3.103650000000000020e+00 -2.709599999999999856e-02 0.000000000000000000e+00 1.730099999999999838e+01 0.000000000000000000e+00 0.000000000000000000e+00 0.000000000000000000e+00 0.000000000000000000e+00 0.000000000000000000e+00 -3.166300000000000225e-01 0.000000000000000000e+00 3.407099999999999795e+00 -8.276599999999999513e-01 5.899699999999999910e-03 -8.276599999999999513e-01 1.077800000000000091e+00 -2.032199999999999957e-04 5.899699999999999910e-03 -2.032199999999999957e-04 1.722399999999999931e+00
8.354099999999999682e+01 3.061899999999999622e+00 -2.572100000000000081e-02 0.000000000000000000e+00 1.668700000000000117e+01 0.000000000000000000e+00 0.000000000000000000e+00 0.000000000000000000e+00 0.000000000000000000e+00 0.000000000000000000e+00 -3.367299999999999738e-01 0.000000000000000000e+00 3.343599999999999905e+00 -8.221899999999999764e-01 5.735999999999999779e-03 -8.221899999999999764e-01 1.076899999999999968e+00 -5.130999999999999494e-04 5.735999999999999779e-03 -5.130999999999999494e-04 1.703300000000000036e+00
8.728300000000000125e+01 3.021899999999999586e+00 -2.442799999999999833e-02 0.000000000000000000e+00 1.610699999999999932e+01 0.000000000000000000e+00 0.000000000000000000e+00 0.000000000000000000e+00 0.000000000000000000e+00 0.000000000000000000e+00 -3.312399999999999789e-01 0.000000000000000000e+00 3.284499999999999975e+00 -8.164599999999999635e-01 5.947400000000000256e-03 -8.164599999999999635e-01 1.074699999999999989e+00 -7.063300000000000221e-04 5.947400000000000256e-03 -7.063300000000000221e-04 1.684600000000000097e+00
9.110099999999999909e+01 2.983299999999999841e+00 -2.321900000000000006e-02 0.000000000000000000e+00 1.554499999999999993e+01 0.000000000000000000e+00 0.000000000000000000e+00 0.000000000000000000e+00 0.000000000000000000e+00 0.000000000000000000e+00 -3.215299999999999825e-01 0.000000000000000000e+00 3.229099999999999859e+00 -8.104299999999999837e-01 6.180599999999999636e-03 -8.104299999999999837e-01 1.071499999999999897e+00 -6.862199999999999724e-04 6.180599999999999636e-03 -6.862199999999999724e-04 1.665999999999999925e+00
9.499399999999999977e+01 2.945800000000000196e+00 -2.210000000000000159e-02 0.000000000000000000e+00 1.500500000000000078e+01 0.000000000000000000e+00 0.000000000000000000e+00 0.000000000000000000e+00 0.000000000000000000e+00 0.000000000000000000e+00 -3.308800000000000074e-01 0.000000000000000000e+00 3.177299999999999791e+00 -8.040699999999999514e-01 6.473300000000000408e-03 -8.040699999999999514e-01 1.067299999999999915e+00 -5.752599999999999641e-04 6.473300000000000408e-03 -5.752599999999999641e-04 1.647000000000000020e+00
9.895999999999999375e+01 2.909600000000000186e+00 -2.105699999999999933e-02 0.000000000000000000e+00 1.450399999999999956e+01 0.000000000000000000e+00 0.000000000000000000e+00 0.000000000000000000e+00 0.000000000000000000e+00 0.000000000000000000e+00 -3.410799999999999943e-01 0.000000000000000000e+00 3.128699999999999815e+00 -7.974499999999999922e-01 6.582099999999999583e-03 -7.974499999999999922e-01 1.062500000000000000e+00 -3.995100000000000018e-04 6.582099999999999583e-03 -3.995100000000000018e-04 1.627999999999999892e+00
1.030000000000000000e+02 2.874550000000000161e+00 -2.008400000000000116e-02 0.000000000000000000e+00 1.403200000000000003e+01 0.000000000000000000e+00 0.000000000000000000e+00 0.000000000000000000e+00 0.000000000000000000e+00 0.000000000000000000e+00 -3.393200000000000105e-01 0.000000000000000000e+00 3.083200000000000163e+00 -7.906699999999999839e-01 6.246599999999999722e-03 -7.906699999999999839e-01 1.056899999999999951e+00 -1.218399999999999990e-04 6.246599999999999722e-03 -1.218399999999999990e-04 1.608999999999999986e+00
1.071099999999999994e+02 2.840599999999999792e+00 -1.917900000000000160e-02 0.000000000000000000e+00 1.358900000000000041e+01 0.000000000000000000e+00 0.000000000000000000e+00 0.000000000000000000e+00 0.000000000000000000e+00 0.000000000000000000e+00 -3.252499999999999836e-01 0.000000000000000000e+00 3.040700000000000180e+00 -7.838500000000000467e-01 5.810000000000000060e-03 -7.838500000000000467e-01 1.050899999999999945e+00 1.987400000000000115e-04 5.810000000000000060e-03 1.987400000000000115e-04 1.589599999999999902e+00
1.112999999999999972e+02 2.807800000000000296e+00 -1.831999999999999948e-02 0.000000000000000000e+00 1.317500000000000071e+01 0.000000000000000000e+00 0.000000000000000000e+00 0.000000000000000000e+00 0.000000000000000000e+00 0.000000000000000000e+00 -2.768999999999999795e-01 0.000000000000000000e+00 3.000799999999999912e+00 -7.770500000000000185e-01 5.399199999999999833e-03 -7.770500000000000185e-01 1.044499999999999984e+00 5.751999999999999951e-04 5.399199999999999833e-03 5.751999999999999951e-04 1.570300000000000029e+00
1.155600000000000023e+02 2.776149999999999896e+00 -1.751399999999999832e-02 0.000000000000000000e+00 1.280000000000000071e+01 0.000000000000000000e+00 0.000000000000000000e+00 0.000000000000000000e+00 0.000000000000000000e+00 0.000000000000000000e+00 -2.081899999999999862e-01 0.000000000000000000e+00 2.962600000000000122e+00 -7.701500000000000012e-01 4.811600000000000078e-03 -7.701500000000000012e-01 1.037800000000000056e+00 1.026000000000000002e-03 4.811600000000000078e-03 1.026000000000000002e-03 1.551900000000000057e+00
1.198799999999999955e+02 2.745400000000000063e+00 -1.676899999999999918e-02 0.000000000000000000e+00 1.246499999999999986e+01 0.000000000000000000e+00 0.000000000000000000e+00 0.000000000000000000e+00 0.000000000000000000e+00 0.000000000000000000e+00 -1.474000000000000032e-01 0.000000000000000000e+00 2.925499999999999989e+00 -7.629700000000000371e-01 4.235899999999999908e-03 -7.629700000000000371e-01 1.031099999999999905e+00 1.418399999999999999e-03 4.235899999999999908e-03 1.418399999999999999e-03 1.534200000000000008e+00
1.242800000000000011e+02 2.715349999999999930e+00 -1.607099999999999848e-02 0.000000000000000000e+00 1.214700000000000024e+01 0.000000000000000000e+00 0.000000000000000000e+00 0.000000000000000000e+00 0.000000000000000000e+00 0.000000000000000000e+00 -9.305900000000000283e-02 0.000000000000000000e+00 2.889400000000000190e+00 -7.555399999999999894e-01 3.821300000000000131e-03 -7.555399999999999894e-01 1.024299999999999988e+00 1.744899999999999967e-03 3.821300000000000131e-03 1.744899999999999967e-03 1.516999999999999904e+00
1.287500000000000000e+02 2.686150000000000038e+00 -1.540799999999999982e-02 0.000000000000000000e+00 1.182199999999999918e+01 0.000000000000000000e+00 0.000000000000000000e+00 0.000000000000000000e+00 0.000000000000000000e+00 0.000000000000000000e+00 -3.877900000000000097e-02 0.000000000000000000e+00 2.854999999999999982e+00 -7.480400000000000382e-01 3.503500000000000104e-03 -7.480400000000000382e-01 1.017200000000000104e+00 2.126999999999999984e-03 3.503500000000000104e-03 2.126999999999999984e-03 1.500099999999999989e+00
1.332899999999999920e+02 2.657350000000000101e+00 -1.477599999999999920e-02 0.000000000000000000e+00 1.150500000000000078e+01 0.000000000000000000e+00 0.000000000000000000e+00 0.000000000000000000e+00 0.000000000000000000e+00 0.000000000000000000e+00 2.476900000000000195e-03 0.000000000000000000e+00 2.821600000000000108e+00 -7.405699999999999505e-01 3.652499999999999931e-03 -7.405699999999999505e-01 1.009800000000000031e+00 2.545299999999999906e-03 3.652499999999999931e-03 2.545299999999999906e-03 1.483300000000000063e+00
1.378899999999999864e+02 2.628400000000000070e+00 -1.418200000000000016e-02 0.000000000000000000e+00 1.121400000000000041e+01 0.000000000000000000e+00 0.000000000000000000e+00 0.000000000000000000e+00 0.000000000000000000e+00 0.000000000000000000e+00 1.404700000000000046e-02 0.000000000000000000e+00 2.788499999999999979e+00 -7.331100000000000394e-01 4.460600000000000329e-03 -7.331100000000000394e-01 1.002000000000000002e+00 2.852400000000000161e-03 4.460600000000000329e-03 2.852400000000000161e-03 1.466299999999999937e+00
1.425699999999999932e+02 2.598850000000000104e+00 -1.362499999999999996e-02 0.000000000000000000e+00 1.094400000000000084e+01 0.000000000000000000e+00 0.000000000000000000e+00 0.000000000000000000e+00 0.000000000000000000e+00 0.000000000000000000e+00 3.101800000000000043e-02 0.000000000000000000e+00 2.755300000000000082e+00 -7.255700000000000482e-01 5.719000000000000125e-03 -7.255700000000000482e-01 9.938000000000000167e-01 3.049800000000000080e-03 5.719000000000000125e-03 3.049800000000000080e-03 1.448600000000000110e+00
1.473100000000000023e+02 2.568654999999999688e+00 -1.309899999999999953e-02 0.000000000000000000e+00 1.067999999999999972e+01 0.000000000000000000e+00 0.000000000000000000e+00 0.000000000000000000e+00 0.000000000000000000e+00 0.000000000000000000e+00 7.169499999999999484e-02 0.000000000000000000e+00 2.721799999999999997e+00 -7.179600000000000426e-01 6.914299999999999960e-03 -7.179600000000000426e-01 9.854100000000000081e-01 3.265899999999999966e-03 6.914299999999999960e-03 3.265899999999999966e-03 1.430099999999999927e+00
1.521100000000000136e+02 2.538534999999999986e+00 -1.259799999999999982e-02 0.000000000000000000e+00 1.041600000000000037e+01 0.000000000000000000e+00 0.000000000000000000e+00 0.000000000000000000e+00 0.000000000000000000e+00 0.000000000000000000e+00 1.061700000000000005e-01 0.000000000000000000e+00 2.688499999999999890e+00 -7.102600000000000025e-01 7.767099999999999872e-03 -7.102600000000000025e-01 9.768700000000000161e-01 3.491999999999999878e-03 7.767099999999999872e-03 3.491999999999999878e-03 1.411699999999999955e+00
1.569799999999999898e+02 2.508690000000000087e+00 -1.212099999999999983e-02 0.000000000000000000e+00 1.016600000000000037e+01 0.000000000000000000e+00 0.000000000000000000e+00 0.000000000000000000e+00 0.000000000000000000e+00 0.000000000000000000e+00 1.102700000000000069e-01 0.000000000000000000e+00 2.655400000000000205e+00 -7.024200000000000443e-01 8.382199999999999374e-03 -7.024200000000000443e-01 9.681800000000000406e-01 3.603299999999999819e-03 8.382199999999999374e-03 3.603299999999999819e-03 1.393799999999999928e+00
1.619199999999999875e+02 2.479130000000000056e+00 -1.166299999999999976e-02 0.000000000000000000e+00 9.934900000000000730e+00 0.000000000000000000e+00 0.000000000000000000e+00 0.000000000000000000e+00 0.000000000000000000e+00 0.000000000000000000e+00 8.764299999999999868e-02 0.000000000000000000e+00 2.622300000000000075e+00 -6.943399999999999572e-01 8.889199999999999879e-03 -6.943399999999999572e-01 9.593599999999999905e-01 3.583199999999999927e-03 8.889199999999999879e-03 3.583199999999999927e-03 1.376600000000000046e+00
1.669199999999999875e+02 2.449625000000000163e+00 -1.123099999999999966e-02 0.000000000000000000e+00 9.720100000000000406e+00 0.000000000000000000e+00 0.000000000000000000e+00 0.000000000000000000e+00 0.000000000000000000e+00 0.000000000000000000e+00 6.423099999999999643e-02 0.000000000000000000e+00 2.589300000000000157e+00 -6.860000000000000542e-01 9.284300000000000538e-03 -6.860000000000000542e-01 9.504500000000000171e-01 3.487699999999999828e-03 9.284300000000000538e-03 3.487699999999999828e-03 1.359499999999999931e+00
1.719900000000000091e+02 2.420020000000000060e+00 -1.082900000000000008e-02 0.000000000000000000e+00 9.527100000000000790e+00 0.000000000000000000e+00 0.000000000000000000e+00 0.000000000000000000e+00 0.000000000000000000e+00 0.000000000000000000e+00 5.579300000000000231e-02 0.000000000000000000e+00 2.556799999999999962e+00 -6.775200000000000111e-01 9.585500000000000270e-03 -6.775200000000000111e-01 9.415400000000000436e-01 3.411700000000000149e-03 9.585500000000000270e-03 3.411700000000000149e-03 1.341699999999999893e+00
1.771100000000000136e+02 2.390099999999999891e+00 -1.044800000000000069e-02 0.000000000000000000e+00 9.351599999999999469e+00 0.000000000000000000e+00 0.000000000000000000e+00 0.000000000000000000e+00 0.000000000000000000e+00 0.000000000000000000e+00 5.904199999999999726e-02 0.000000000000000000e+00 2.524199999999999999e+00 -6.689699999999999536e-01 9.706299999999999303e-03 -6.689699999999999536e-01 9.325999999999999845e-01 3.425599999999999999e-03 9.706299999999999303e-03 3.425599999999999999e-03 1.323399999999999910e+00
1.823000000000000114e+02 2.359954999999999803e+00 -1.007599999999999989e-02 0.000000000000000000e+00 9.173500000000000654e+00 0.000000000000000000e+00 0.000000000000000000e+00 0.000000000000000000e+00 0.000000000000000000e+00 0.000000000000000000e+00 5.292700000000000182e-02 0.000000000000000000e+00 2.491099999999999870e+00 -6.603400000000000380e-01 9.650300000000000544e-03 -6.603400000000000380e-01 9.236100000000000421e-01 3.548700000000000118e-03 9.650300000000000544e-03 3.548700000000000118e-03 1.305199999999999916e+00
1.875500000000000114e+02 2.329925000000000246e+00 -9.710500000000000381e-03 0.000000000000000000e+00 8.993000000000000327e+00 0.000000000000000000e+00 0.000000000000000000e+00 0.000000000000000000e+00 0.000000000000000000e+00 0.000000000000000000e+00 4.048999999999999821e-02 0.000000000000000000e+00 2.457699999999999996e+00 -6.516399999999999970e-01 9.582399999999999599e-03 -6.516399999999999970e-01 9.145499999999999741e-01 3.775699999999999890e-03 9.582399999999999599e-03 3.775699999999999890e-03 1.287600000000000078e+00
1.928600000000000136e+02 2.299960000000000004e+00 -9.364799999999999514e-03 0.000000000000000000e+00 8.814799999999999969e+00 0.000000000000000000e+00 0.000000000000000000e+00 0.000000000000000000e+00 0.000000000000000000e+00 0.000000000000000000e+00 3.455400000000000138e-02 0.000000000000000000e+00 2.424100000000000144e+00 -6.429200000000000470e-01 9.735600000000000503e-03 -6.429200000000000470e-01 9.054200000000000026e-01 4.061200000000000053e-03 9.735600000000000503e-03 4.061200000000000053e-03 1.270399999999999974e+00
1.982299999999999898e+02 2.269829999999999792e+00 -9.044999999999999221e-03 0.000000000000000000e+00 8.655400000000000205e+00 0.000000000000000000e+00 0.000000000000000000e+00 0.000000000000000000e+00 0.000000000000000000e+00 0.000000000000000000e+00 2.623299999999999937e-02 0.000000000000000000e+00 2.390200000000000102e+00 -6.342100000000000515e-01 9.658200000000000465e-03 -6.342100000000000515e-01 8.962599999999999456e-01 4.352800000000000419e-03 9.658200000000000465e-03 4.352800000000000419e-03 1.253200000000000092e+00
2.036500000000000057e+02 2.239580000000000126e+00 -8.739000000000000240e-03 0.000000000000000000e+00 8.513799999999999812e+00 0.000000000000000000e+00 0.000000000000000000e+00 0.000000000000000000e+00 0.000000000000000000e+00 0.000000000000000000e+00 2.284299999999999872e-02 0.000000000000000000e+00 2.356199999999999850e+00 -6.254300000000000415e-01 8.909999999999999518e-03 -6.254300000000000415e-01 8.870599999999999596e-01 4.655099999999999690e-03 8.909999999999999518e-03 4.655099999999999690e-03 1.235899999999999999e+00
2.091399999999999864e+02 2.209210000000000118e+00 -8.441999999999999851e-03 0.000000000000000000e+00 8.374100000000000321e+00 0.000000000000000000e+00 0.000000000000000000e+00 0.000000000000000000e+00 0.000000000000000000e+00 0.000000000000000000e+00 2.704300000000000107e-02 0.000000000000000000e+00 2.322200000000000042e+00 -6.165100000000000025e-01 7.502400000000000214e-03 -6.165100000000000025e-01 8.778200000000000447e-01 4.987000000000000113e-03 7.502400000000000214e-03 4.987000000000000113e-03 1.218399999999999928e+00
2.146800000000000068e+02 2.178379999999999761e+00 -8.159100000000000727e-03 0.000000000000000000e+00 8.241400000000000503e+00 0.000000000000000000e+00 0.000000000000000000e+00 0.000000000000000000e+00 0.000000000000000000e+00 0.000000000000000000e+00 2.233999999999999875e-02 0.000000000000000000e+00 2.287700000000000067e+00 -6.075000000000000400e-01 5.474299999999999652e-03 -6.075000000000000400e-01 8.685599999999999987e-01 5.301400000000000383e-03 5.474299999999999652e-03 5.301400000000000383e-03 1.200499999999999901e+00
2.202800000000000011e+02 2.146545000000000147e+00 -7.893300000000000663e-03 0.000000000000000000e+00 8.126200000000000756e+00 0.000000000000000000e+00 0.000000000000000000e+00 0.000000000000000000e+00 0.000000000000000000e+00 0.000000000000000000e+00 -3.491399999999999972e-03 0.000000000000000000e+00 2.251900000000000013e+00 -5.984899999999999665e-01 3.320800000000000054e-03 -5.984899999999999665e-01 8.592899999999999983e-01 5.495299999999999838e-03 3.320800000000000054e-03 5.495299999999999838e-03 1.181899999999999951e+00
2.259300000000000068e+02 2.113879999999999981e+00 -7.636999999999999691e-03 0.000000000000000000e+00 8.002499999999999503e+00 0.000000000000000000e+00 0.000000000000000000e+00 0.000000000000000000e+00 0.000000000000000000e+00 0.000000000000000000e+00 -4.503499999999999864e-02 0.000000000000000000e+00 2.214799999999999880e+00 -5.894099999999999895e-01 1.854900000000000038e-03 -5.894099999999999895e-01 8.498599999999999488e-01 5.523600000000000038e-03 1.854900000000000038e-03 5.523600000000000038e-03 1.163100000000000023e+00
2.316399999999999864e+02 2.080849999999999866e+00 -7.391799999999999586e-03 0.000000000000000000e+00 7.855100000000000193e+00 0.000000000000000000e+00 0.000000000000000000e+00 0.000000000000000000e+00 0.000000000000000000e+00 0.000000000000000000e+00 -8.581400000000000139e-02 0.000000000000000000e+00 2.177099999999999813e+00 -5.802100000000000035e-01 1.386099999999999919e-03 -5.802100000000000035e-01 8.400999999999999579e-01 5.458099999999999584e-03 1.386099999999999919e-03 5.458099999999999584e-03 1.144500000000000073e+00
2.374000000000000057e+02 2.047785000000000188e+00 -7.151900000000000097e-03 0.000000000000000000e+00 7.676800000000000068e+00 0.000000000000000000e+00 0.000000000000000000e+00 0.000000000000000000e+00 0.000000000000000000e+00 0.000000000000000000e+00 -9.905100000000000016e-02 0.000000000000000000e+00 2.139299999999999979e+00 -5.709499999999999575e-01 1.472999999999999917e-03 -5.709499999999999575e-01 8.298699999999999966e-01 5.472399999999999660e-03 1.472999999999999917e-03 5.472399999999999660e-03 1.126400000000000068e+00
2.432199999999999989e+02 2.014759999999999884e+00 -6.917500000000000038e-03 0.000000000000000000e+00 7.474099999999999966e+00 0.000000000000000000e+00 0.000000000000000000e+00 0.000000000000000000e+00 0.000000000000000000e+00 0.000000000000000000e+00 -7.213200000000000167e-02 0.000000000000000000e+00 2.101700000000000124e+00 -5.616999999999999771e-01 1.838299999999999960e-03 -5.616999999999999771e-01 8.192199999999999482e-01 5.680499999999999786e-03 1.838299999999999960e-03 5.680499999999999786e-03 1.108600000000000030e+00
2.490800000000000125e+02 1.981624999999999748e+00 -6.695399999999999789e-03 0.000000000000000000e+00 7.270999999999999908e+00 0.000000000000000000e+00 0.000000000000000000e+00 0.000000000000000000e+00 0.000000000000000000e+00 0.000000000000000000e+00 -4.220800000000000246e-02 0.000000000000000000e+00 2.063699999999999868e+00 -5.523900000000000476e-01 2.630700000000000139e-03 -5.523900000000000476e-01 8.083500000000000130e-01 5.976000000000000409e-03 2.630700000000000139e-03 5.976000000000000409e-03 1.091199999999999948e+00
2.550000000000000000e+02 1.948350000000000026e+00 -6.478499999999999884e-03 0.000000000000000000e+00 7.080700000000000216e+00 0.000000000000000000e+00 0.000000000000000000e+00 0.000000000000000000e+00 0.000000000000000000e+00 0.000000000000000000e+00 -3.327600000000000002e-02 0.000000000000000000e+00 2.025199999999999889e+00 -5.429100000000000037e-01 4.104400000000000236e-03 -5.429100000000000037e-01 7.973000000000000087e-01 6.198999999999999649e-03 4.104400000000000236e-03 6.198999999999999649e-03 1.074200000000000044e+00
2.609700000000000273e+02 1.914769999999999861e+00 -6.260800000000000393e-03 0.000000000000000000e+00 6.901099999999999568e+00 0.000000000000000000e+00 0.000000000000000000e+00 0.000000000000000000e+00 0.000000000000000000e+00 0.000000000000000000e+00 -3.684899999999999981e-02 0.000000000000000000e+00 1.986099999999999977e+00 -5.332500000000000018e-01 5.972599999999999784e-03 -5.332500000000000018e-01 7.860399999999999610e-01 6.343900000000000407e-03 5.972599999999999784e-03 6.343900000000000407e-03 1.057399999999999896e+00
2.669800000000000182e+02 1.880654999999999966e+00 -6.047399999999999651e-03 0.000000000000000000e+00 6.728900000000000325e+00 0.000000000000000000e+00 0.000000000000000000e+00 0.000000000000000000e+00 0.000000000000000000e+00 0.000000000000000000e+00 -3.794299999999999756e-02 0.000000000000000000e+00 1.946299999999999919e+00 -5.235100000000000309e-01 7.790400000000000276e-03 -5.235100000000000309e-01 7.746100000000000207e-01 6.471199999999999869e-03 7.790400000000000276e-03 6.471199999999999869e-03 1.040399999999999991e+00
2.730500000000000114e+02 1.846195000000000030e+00 -5.840900000000000432e-03 0.000000000000000000e+00 6.577899999999999636e+00 0.000000000000000000e+00 0.000000000000000000e+00 0.000000000000000000e+00 0.000000000000000000e+00 0.000000000000000000e+00 -2.299000000000000002e-02 0.000000000000000000e+00 1.906199999999999894e+00 -5.136800000000000255e-01 9.528800000000000464e-03 -5.136800000000000255e-01 7.630900000000000460e-01 6.581599999999999950e-03 9.528800000000000464e-03 6.581599999999999950e-03 1.023099999999999898e+00
2.791600000000000250e+02 1.811329999999999885e+00 -5.644999999999999844e-03 0.000000000000000000e+00 6.445800000000000196e+00 0.000000000000000000e+00 0.000000000000000000e+00 0.000000000000000000e+00 0.000000000000000000e+00 0.000000000000000000e+00 7.426900000000000168e-03 0.000000000000000000e+00 1.865799999999999903e+00 -5.037199999999999456e-01 1.114599999999999966e-02 -5.037199999999999456e-01 7.514600000000000168e-01 6.719600000000000052e-03 1.114599999999999966e-02 6.719600000000000052e-03 1.005400000000000071e+00
2.853199999999999932e+02 1.776149999999999896e+00 -5.459600000000000217e-03 0.000000000000000000e+00 6.314700000000000202e+00 0.000000000000000000e+00 0.000000000000000000e+00 0.000000000000000000e+00 0.000000000000000000e+00 0.000000000000000000e+00 3.567800000000000138e-02 0.000000000000000000e+00 1.825199999999999934e+00 -4.936900000000000177e-01 1.263399999999999940e-02 -4.936900000000000177e-01 7.396700000000000497e-01 6.859200000000000193e-03 1.263399999999999940e-02 6.859200000000000193e-03 9.874300000000000299e-01
2.915199999999999818e+02 1.741009999999999946e+00 -5.283999999999999635e-03 0.000000000000000000e+00 6.188100000000000378e+00 0.000000000000000000e+00 0.000000000000000000e+00 0.000000000000000000e+00 0.000000000000000000e+00 0.000000000000000000e+00 5.380499999999999866e-02 0.000000000000000000e+00 1.784799999999999942e+00 -4.835999999999999743e-01 1.401900000000000021e-02 -4.835999999999999743e-01 7.278000000000000025e-01 6.907400000000000172e-03 1.401900000000000021e-02 6.907400000000000172e-03 9.694199999999999484e-01
2.977699999999999818e+02 1.705940000000000012e+00 -5.117000000000000021e-03 0.000000000000000000e+00 6.062000000000000277e+00 0.000000000000000000e+00 0.000000000000000000e+00 0.000000000000000000e+00 0.000000000000000000e+00 0.000000000000000000e+00 6.894200000000000328e-02 0.000000000000000000e+00 1.744799999999999907e+00 -4.733200000000000185e-01 1.504400000000000008e-02 -4.733200000000000185e-01 7.158499999999999863e-01 6.875000000000000035e-03 1.504400000000000008e-02 6.875000000000000035e-03 9.512300000000000200e-01
3.040600000000000023e+02 1.670924999999999994e+00 -4.952500000000000305e-03 0.000000000000000000e+00 5.932000000000000384e+00 0.000000000000000000e+00 0.000000000000000000e+00 0.000000000000000000e+00 0.000000000000000000e+00 0.000000000000000000e+00 7.901500000000000190e-02 0.000000000000000000e+00 1.705300000000000038e+00 -4.628599999999999937e-01 1.544099999999999986e-02 -4.628599999999999937e-01 7.038200000000000012e-01 6.812999999999999612e-03 1.544099999999999986e-02 6.812999999999999612e-03 9.327299999999999480e-01
3.103899999999999864e+02 1.636009999999999964e+00 -4.789100000000000128e-03 0.000000000000000000e+00 5.803200000000000358e+00 0.000000000000000000e+00 0.000000000000000000e+00 0.000000000000000000e+00 0.000000000000000000e+00 0.000000000000000000e+00 7.515299999999999758e-02 0.000000000000000000e+00 1.666099999999999914e+00 -4.523199999999999998e-01 1.534100000000000047e-02 -4.523199999999999998e-01 6.917400000000000215e-01 6.664200000000000332e-03 1.534100000000000047e-02 6.664200000000000332e-03 9.141799999999999926e-01
3.167699999999999818e+02 1.601210000000000022e+00 -4.632400000000000059e-03 0.000000000000000000e+00 5.684499999999999886e+00 0.000000000000000000e+00 0.000000000000000000e+00 0.000000000000000000e+00 0.000000000000000000e+00 0.000000000000000000e+00 6.758300000000000418e-02 0.000000000000000000e+00 1.626900000000000013e+00 -4.417599999999999860e-01 1.494200000000000042e-02 -4.417599999999999860e-01 6.797299999999999454e-01 6.421900000000000351e-03 1.494200000000000042e-02 6.421900000000000351e-03 8.957899999999999752e-01
3.231899999999999977e+02 1.566549999999999887e+00 -4.485000000000000271e-03 0.000000000000000000e+00 5.582300000000000040e+00 0.000000000000000000e+00 0.000000000000000000e+00 0.000000000000000000e+00 0.000000000000000000e+00 0.000000000000000000e+00 5.967399999999999788e-02 0.000000000000000000e+00 1.587399999999999922e+00 -4.311200000000000032e-01 1.459200000000000080e-02 -4.311200000000000032e-01 6.678199999999999692e-01 6.184799999999999846e-03 1.459200000000000080e-02 6.184799999999999846e-03 8.778799999999999937e-01
3.296399999999999864e+02 1.532090000000000174e+00 -4.339599999999999881e-03 0.000000000000000000e+00 5.479000000000000092e+00 0.000000000000000000e+00 0.000000000000000000e+00 0.000000000000000000e+00 0.000000000000000000e+00 0.000000000000000000e+00 5.957400000000000195e-02 0.000000000000000000e+00 1.548000000000000043e+00 -4.203700000000000214e-01 1.424599999999999998e-02 -4.203700000000000214e-01 6.560099999999999820e-01 6.057400000000000111e-03 1.424599999999999998e-02 6.057400000000000111e-03 8.601699999999999902e-01
3.361399999999999864e+02 1.498019999999999907e+00 -4.194400000000000038e-03 0.000000000000000000e+00 5.355599999999999916e+00 0.000000000000000000e+00 0.000000000000000000e+00 0.000000000000000000e+00 0.000000000000000000e+00 0.000000000000000000e+00 6.565600000000000602e-02 0.000000000000000000e+00 1.509400000000000075e+00 -4.095400000000000151e-01 1.366099999999999953e-02 -4.095400000000000151e-01 6.443400000000000238e-01 6.108599999999999620e-03 1.366099999999999953e-02 6.108599999999999620e-03 8.423000000000000487e-01
3.426700000000000159e+02 1.464544999999999986e+00 -4.054799999999999897e-03 0.000000000000000000e+00 5.221700000000000230e+00 0.000000000000000000e+00 0.000000000000000000e+00 0.000000000000000000e+00 0.000000000000000000e+00 0.000000000000000000e+00 7.354499999999999926e-02 0.000000000000000000e+00 1.471700000000000008e+00 -3.986199999999999743e-01 1.303699999999999998e-02 -3.986199999999999743e-01 6.328700000000000436e-01 6.265699999999999915e-03 1.303699999999999998e-02 6.265699999999999915e-03 8.245200000000000307e-01
3.492400000000000091e+02 1.431705000000000005e+00 -3.922499999999999772e-03 0.000000000000000000e+00 5.090499999999999581e+00 0.000000000000000000e+00 0.000000000000000000e+00 0.000000000000000000e+00 0.000000000000000000e+00 0.000000000000000000e+00 9.067300000000000360e-02 0.000000000000000000e+00 1.434600000000000097e+00 -3.876600000000000046e-01 1.270699999999999955e-02 -3.876600000000000046e-01 6.216099999999999959e-01 6.391100000000000253e-03 1.270699999999999955e-02 6.391100000000000253e-03 8.072000000000000286e-01
3.558399999999999750e+02 1.399405000000000010e+00 -3.792100000000000071e-03 0.000000000000000000e+00 4.954200000000000159e+00 0.000000000000000000e+00 0.000000000000000000e+00 0.000000000000000000e+00 0.000000000000000000e+00 0.000000000000000000e+00 1.038000000000000034e-01 0.000000000000000000e+00 1.397899999999999920e+00 -3.768000000000000238e-01 1.284800000000000005e-02 -3.768000000000000238e-01 6.105800000000000116e-01 6.361799999999999920e-03 1.284800000000000005e-02 6.361799999999999920e-03 7.903299999999999770e-01
3.624800000000000182e+02 1.367259999999999920e+00 -3.667500000000000187e-03 0.000000000000000000e+00 4.819700000000000095e+00 0.000000000000000000e+00 0.000000000000000000e+00 0.000000000000000000e+00 0.000000000000000000e+00 0.000000000000000000e+00 9.801500000000000490e-02 0.000000000000000000e+00 1.361699999999999910e+00 -3.660599999999999965e-01 1.346600000000000054e-02 -3.660599999999999965e-01 5.998200000000000198e-01 6.125000000000000236e-03 1.346600000000000054e-02 6.125000000000000236e-03 7.730000000000000204e-01
3.691600000000000250e+02 1.335099999999999953e+00 -3.552200000000000149e-03 0.000000000000000000e+00 4.697199999999999598e+00 0.000000000000000000e+00 0.000000000000000000e+00 0.000000000000000000e+00 0.000000000000000000e+00 0.000000000000000000e+00 8.365400000000000613e-02 0.000000000000000000e+00 1.326000000000000068e+00 -3.552699999999999747e-01 1.419499999999999929e-02 -3.552699999999999747e-01 5.893899999999999695e-01 5.772700000000000400e-03 1.419499999999999929e-02 5.772700000000000400e-03 7.548099999999999810e-01
3.758700000000000045e+02 1.303089999999999860e+00 -3.444500000000000079e-03 0.000000000000000000e+00 4.590799999999999770e+00 0.000000000000000000e+00 0.000000000000000000e+00 0.000000000000000000e+00 0.000000000000000000e+00 0.000000000000000000e+00 5.288899999999999851e-02 0.000000000000000000e+00 1.290799999999999947e+00 -3.443599999999999994e-01 1.489099999999999972e-02 -3.443599999999999994e-01 5.792899999999999716e-01 5.323399999999999833e-03 1.489099999999999972e-02 5.323399999999999833e-03 7.360900000000000221e-01
3.826000000000000227e+02 1.271414999999999962e+00 -3.337999999999999821e-03 0.000000000000000000e+00 4.485000000000000320e+00 0.000000000000000000e+00 0.000000000000000000e+00 0.000000000000000000e+00 0.000000000000000000e+00 0.000000000000000000e+00 1.817799999999999971e-02 0.000000000000000000e+00 1.256099999999999994e+00 -3.333400000000000252e-01 1.544099999999999986e-02 -3.333400000000000252e-01 5.694500000000000117e-01 4.797199999999999728e-03 1.544099999999999986e-02 4.797199999999999728e-03 7.172800000000000287e-01
3.893700000000000045e+02 1.240354999999999874e+00 -3.231799999999999951e-03 0.000000000000000000e+00 4.366799999999999571e+00 0.000000000000000000e+00 0.000000000000000000e+00 0.000000000000000000e+00 0.000000000000000000e+00 0.000000000000000000e+00 -1.564799999999999872e-02 0.000000000000000000e+00 1.222399999999999931e+00 -3.222400000000000264e-01 1.558099999999999936e-02 -3.222400000000000264e-01 5.597800000000000553e-01 4.348600000000000208e-03 1.558099999999999936e-02 4.348600000000000208e-03 6.985299999999999843e-01
3.961700000000000159e+02 1.209824999999999928e+00 -3.128699999999999884e-03 0.000000000000000000e+00 4.255799999999999805e+00 0.000000000000000000e+00 0.000000000000000000e+00 0.000000000000000000e+00 0.000000000000000000e+00 0.000000000000000000e+00 -6.071599999999999914e-02 0.000000000000000000e+00 1.189500000000000002e+00 -3.109799999999999787e-01 1.556399999999999971e-02 -3.109799999999999787e-01 5.502599999999999714e-01 4.041399999999999680e-03 1.556399999999999971e-02 4.041399999999999680e-03 6.798899999999999944e-01
4.030000000000000000e+02 1.179844999999999811e+00 -3.027800000000000196e-03 0.000000000000000000e+00 4.149700000000000166e+00 0.000000000000000000e+00 0.000000000000000000e+00 0.000000000000000000e+00 0.000000000000000000e+00 0.000000000000000000e+00 -1.158900000000000069e-01 0.000000000000000000e+00 1.157299999999999995e+00 -2.995300000000000185e-01 1.577500000000000083e-02 -2.995300000000000185e-01 5.408899999999999819e-01 3.781699999999999819e-03 1.577500000000000083e-02 3.781699999999999819e-03 6.614999999999999769e-01
4.098600000000000136e+02 1.150500000000000078e+00 -2.931399999999999804e-03 0.000000000000000000e+00 4.038800000000000168e+00 0.000000000000000000e+00 0.000000000000000000e+00 0.000000000000000000e+00 0.000000000000000000e+00 0.000000000000000000e+00 -1.727499999999999869e-01 0.000000000000000000e+00 1.126200000000000090e+00 -2.879700000000000037e-01 1.631200000000000011e-02 -2.879700000000000037e-01 5.316499999999999559e-01 3.461899999999999960e-03 1.631200000000000011e-02 3.461899999999999960e-03 6.431499999999999995e-01
4.167400000000000091e+02 1.121645000000000003e+00 -2.839200000000000057e-03 0.000000000000000000e+00 3.926299999999999901e+00 0.000000000000000000e+00 0.000000000000000000e+00 0.000000000000000000e+00 0.000000000000000000e+00 0.000000000000000000e+00 -2.202000000000000068e-01 0.000000000000000000e+00 1.096000000000000085e+00 -2.764199999999999990e-01 1.705699999999999925e-02 -2.764199999999999990e-01 5.224699999999999900e-01 3.052299999999999978e-03 1.705699999999999925e-02 3.052299999999999978e-03 6.248200000000000420e-01
4.236499999999999773e+02 1.093420000000000059e+00 -2.748500000000000075e-03 0.000000000000000000e+00 3.818299999999999805e+00 0.000000000000000000e+00 0.000000000000000000e+00 0.000000000000000000e+00 0.000000000000000000e+00 0.000000000000000000e+00 -2.477800000000000002e-01 0.000000000000000000e+00 1.066500000000000004e+00 -2.649799999999999933e-01 1.789299999999999918e-02 -2.649799999999999933e-01 5.133400000000000185e-01 2.670599999999999970e-03 1.789299999999999918e-02 2.670599999999999970e-03 6.069999999999999840e-01
4.305799999999999841e+02 1.065779999999999950e+00 -2.658699999999999952e-03 0.000000000000000000e+00 3.718999999999999861e+00 0.000000000000000000e+00 0.000000000000000000e+00 0.000000000000000000e+00 0.000000000000000000e+00 0.000000000000000000e+00 -2.538199999999999901e-01 0.000000000000000000e+00 1.037099999999999911e+00 -2.536800000000000166e-01 1.859500000000000042e-02 -2.536800000000000166e-01 5.042799999999999505e-01 2.423799999999999826e-03 1.859500000000000042e-02 2.423799999999999826e-03 5.901800000000000379e-01
4.375400000000000205e+02 1.038640000000000008e+00 -2.572699999999999813e-03 0.000000000000000000e+00 3.633000000000000007e+00 0.000000000000000000e+00 0.000000000000000000e+00 0.000000000000000000e+00 0.000000000000000000e+00 0.000000000000000000e+00 -2.545999999999999930e-01 0.000000000000000000e+00 1.007800000000000029e+00 -2.423800000000000121e-01 1.901999999999999871e-02 -2.423800000000000121e-01 4.953199999999999825e-01 2.275199999999999792e-03 1.901999999999999871e-02 2.275199999999999792e-03 5.741600000000000037e-01
4.445199999999999818e+02 1.011785000000000156e+00 -2.489100000000000167e-03 0.000000000000000000e+00 3.544000000000000039e+00 0.000000000000000000e+00 0.000000000000000000e+00 0.000000000000000000e+00 0.000000000000000000e+00 0.000000000000000000e+00 -2.560299999999999798e-01 0.000000000000000000e+00 9.786000000000000254e-01 -2.310200000000000031e-01 1.899400000000000047e-02 -2.310200000000000031e-01 4.864700000000000135e-01 2.184300000000000130e-03 1.899400000000000047e-02 2.184300000000000130e-03 5.584999999999999964e-01
4.515199999999999818e+02 9.853949999999999099e-01 -2.407999999999999984e-03 0.000000000000000000e+00 3.442000000000000171e+00 0.000000000000000000e+00 0.000000000000000000e+00 0.000000000000000000e+00 0.000000000000000000e+00 0.000000000000000000e+00 -2.606600000000000028e-01 0.000000000000000000e+00 9.496299999999999741e-01 -2.196299999999999919e-01 1.836600000000000038e-02 -2.196299999999999919e-01 4.777500000000000080e-01 2.143700000000000119e-03 1.836600000000000038e-02 2.143700000000000119e-03 5.434099999999999486e-01
4.585400000000000205e+02 9.596350000000000158e-01 -2.331900000000000032e-03 0.000000000000000000e+00 3.331999999999999851e+00 0.000000000000000000e+00 0.000000000000000000e+00 0.000000000000000000e+00 0.000000000000000000e+00 0.000000000000000000e+00 -2.619000000000000217e-01 0.000000000000000000e+00 9.209199999999999608e-01 -2.081899999999999862e-01 1.717300000000000076e-02 -2.081899999999999862e-01 4.692000000000000060e-01 2.095500000000000140e-03 1.717300000000000076e-02 2.095500000000000140e-03 5.291500000000000092e-01
4.655799999999999841e+02 9.346600000000000463e-01 -2.258599999999999931e-03 0.000000000000000000e+00 3.208899999999999864e+00 0.000000000000000000e+00 0.000000000000000000e+00 0.000000000000000000e+00 0.000000000000000000e+00 0.000000000000000000e+00 -2.542900000000000160e-01 0.000000000000000000e+00 8.926800000000000290e-01 -1.966700000000000115e-01 1.565400000000000125e-02 -1.966700000000000115e-01 4.608800000000000119e-01 1.993899999999999839e-03 1.565400000000000125e-02 1.993899999999999839e-03 5.157599999999999962e-01
4.726399999999999864e+02 9.105299999999999505e-01 -2.189400000000000200e-03 0.000000000000000000e+00 3.065399999999999903e+00 0.000000000000000000e+00 0.000000000000000000e+00 0.000000000000000000e+00 0.000000000000000000e+00 0.000000000000000000e+00 -2.414399999999999880e-01 0.000000000000000000e+00 8.652100000000000346e-01 -1.851200000000000068e-01 1.421599999999999947e-02 -1.851200000000000068e-01 4.528400000000000203e-01 1.858000000000000059e-03 1.421599999999999947e-02 1.858000000000000059e-03 5.030099999999999572e-01
4.797099999999999795e+02 8.873750000000000249e-01 -2.124599999999999926e-03 0.000000000000000000e+00 2.911799999999999944e+00 0.000000000000000000e+00 0.000000000000000000e+00 0.000000000000000000e+00 0.000000000000000000e+00 0.000000000000000000e+00 -2.286100000000000076e-01 0.000000000000000000e+00 8.388900000000000245e-01 -1.735700000000000021e-01 1.298700000000000028e-02 -1.735700000000000021e-01 4.451200000000000156e-01 1.685199999999999979e-03 1.298700000000000028e-02 1.685199999999999979e-03 4.907400000000000095e-01
4.868100000000000023e+02 8.651100000000000456e-01 -2.063699999999999909e-03 0.000000000000000000e+00 2.755300000000000082e+00 0.000000000000000000e+00 0.000000000000000000e+00 0.000000000000000000e+00 0.000000000000000000e+00 0.000000000000000000e+00 -2.079699999999999882e-01 0.000000000000000000e+00 8.135400000000000409e-01 -1.620099999999999874e-01 1.180499999999999952e-02 -1.620099999999999874e-01 4.377499999999999725e-01 1.504600000000000035e-03 1.180499999999999952e-02 1.504600000000000035e-03 4.789300000000000224e-01
4.939100000000000250e+02 8.434900000000000730e-01 -2.007699999999999849e-03 0.000000000000000000e+00 2.596299999999999830e+00 0.000000000000000000e+00 0.000000000000000000e+00 0.000000000000000000e+00 0.000000000000000000e+00 0.000000000000000000e+00 -1.785700000000000065e-01 0.000000000000000000e+00 7.885600000000000387e-01 -1.504000000000000059e-01 1.064400000000000068e-02 -1.504000000000000059e-01 4.307699999999999863e-01 1.355199999999999981e-03 1.064400000000000068e-02 1.355199999999999981e-03 4.676500000000000101e-01
5.010400000000000205e+02 8.225449999999999706e-01 -1.956600000000000179e-03 0.000000000000000000e+00 2.437500000000000000e+00 0.000000000000000000e+00 0.000000000000000000e+00 0.000000000000000000e+00 0.000000000000000000e+00 0.000000000000000000e+00 -1.420800000000000118e-01 0.000000000000000000e+00 7.640200000000000324e-01 -1.387299999999999922e-01 9.686699999999999477e-03 -1.387299999999999922e-01 4.242600000000000260e-01 1.241099999999999972e-03 9.686699999999999477e-03 1.241099999999999972e-03 4.568099999999999938e-01
5.081700000000000159e+02 8.027100000000000346e-01 -1.909899999999999966e-03 0.000000000000000000e+00 2.269400000000000084e+00 0.000000000000000000e+00 0.000000000000000000e+00 0.000000000000000000e+00 0.000000000000000000e+00 0.000000000000000000e+00 -1.017600000000000032e-01 0.000000000000000000e+00 7.405899999999999705e-01 -1.270699999999999885e-01 8.933200000000000515e-03 -1.270699999999999885e-01 4.182400000000000007e-01 1.180999999999999975e-03 8.933200000000000515e-03 1.180999999999999975e-03 4.465899999999999870e-01
5.153200000000000500e+02 7.844400000000000261e-01 -1.866000000000000037e-03 0.000000000000000000e+00 2.092200000000000060e+00 0.000000000000000000e+00 0.000000000000000000e+00 0.000000000000000000e+00 0.000000000000000000e+00 0.000000000000000000e+00 -6.060800000000000215e-02 0.000000000000000000e+00 7.187999999999999945e-01 -1.155100000000000016e-01 8.270100000000000715e-03 -1.155100000000000016e-01 4.127199999999999758e-01 1.181100000000000032e-03 8.270100000000000715e-03 1.181100000000000032e-03 4.373600000000000265e-01
5.224700000000000273e+02 7.677800000000000180e-01 -1.824600000000000007e-03 0.000000000000000000e+00 1.908900000000000041e+00 0.000000000000000000e+00 0.000000000000000000e+00 0.000000000000000000e+00 0.000000000000000000e+00 0.000000000000000000e+00 -2.615100000000000063e-02 0.000000000000000000e+00 6.986900000000000333e-01 -1.040399999999999936e-01 7.662600000000000314e-03 -1.040399999999999936e-01 4.077799999999999758e-01 1.196800000000000034e-03 7.662600000000000314e-03 1.196800000000000034e-03 4.290900000000000269e-01
5.296399999999999864e+02 7.524450000000000305e-01 -1.789800000000000028e-03 0.000000000000000000e+00 1.714199999999999946e+00 0.000000000000000000e+00 0.000000000000000000e+00 0.000000000000000000e+00 0.000000000000000000e+00 0.000000000000000000e+00 7.653500000000000364e-04 0.000000000000000000e+00 6.799399999999999888e-01 -9.262199999999999600e-02 7.219899999999999582e-03 -9.262199999999999600e-02 4.035099999999999798e-01 1.174600000000000036e-03 7.219899999999999582e-03 1.174600000000000036e-03 4.214399999999999813e-01
5.368099999999999454e+02 7.384549999999999725e-01 -1.761399999999999988e-03 0.000000000000000000e+00 1.508799999999999919e+00 0.000000000000000000e+00 0.000000000000000000e+00 0.000000000000000000e+00 0.000000000000000000e+00 0.000000000000000000e+00 2.646899999999999947e-02 0.000000000000000000e+00 6.625199999999999978e-01 -8.116900000000000504e-02 6.947899999999999909e-03 -8.116900000000000504e-02 3.999500000000000277e-01 1.122399999999999960e-03 6.947899999999999909e-03 1.122399999999999960e-03 4.144399999999999751e-01
5.440000000000000000e+02 7.260650000000000714e-01 -1.737800000000000065e-03 0.000000000000000000e+00 1.300200000000000022e+00 0.000000000000000000e+00 0.000000000000000000e+00 0.000000000000000000e+00 0.000000000000000000e+00 0.000000000000000000e+00 5.464399999999999813e-02 0.000000000000000000e+00 6.467300000000000271e-01 -6.964700000000000057e-02 6.799999999999999621e-03 -6.964700000000000057e-02 3.970400000000000040e-01 1.063399999999999936e-03 6.799999999999999621e-03 1.063399999999999936e-03 4.083600000000000008e-01
5.511900000000000546e+02 7.155050000000000576e-01 -1.717299999999999946e-03 0.000000000000000000e+00 1.091399999999999926e+00 0.000000000000000000e+00 0.000000000000000000e+00 0.000000000000000000e+00 0.000000000000000000e+00 0.000000000000000000e+00 8.272699999999999498e-02 0.000000000000000000e+00 6.327800000000000091e-01 -5.806200000000000250e-02 6.515700000000000137e-03 -5.806200000000000250e-02 3.947200000000000153e-01 9.533799999999999827e-04 6.515700000000000137e-03 9.533799999999999827e-04 4.035099999999999798e-01
5.583799999999999955e+02 7.069750000000000201e-01 -1.698499999999999923e-03 0.000000000000000000e+00 8.787500000000000311e-01 0.000000000000000000e+00 0.000000000000000000e+00 0.000000000000000000e+00 0.000000000000000000e+00 0.000000000000000000e+00 9.692099999999999327e-02 0.000000000000000000e+00 6.209900000000000420e-01 -4.642199999999999799e-02 6.076999999999999937e-03 -4.642199999999999799e-02 3.929799999999999960e-01 7.563000000000000061e-04 6.076999999999999937e-03 7.563000000000000061e-04 3.999800000000000022e-01
5.655800000000000409e+02 7.004750000000000698e-01 -1.683299999999999987e-03 0.000000000000000000e+00 6.617100000000000204e-01 0.000000000000000000e+00 0.000000000000000000e+00 0.000000000000000000e+00 0.000000000000000000e+00 0.000000000000000000e+00 9.467699999999999727e-02 0.000000000000000000e+00 6.116500000000000270e-01 -3.476800000000000029e-02 5.638800000000000236e-03 -3.476800000000000029e-02 3.917900000000000271e-01 5.133100000000000033e-04 5.638800000000000236e-03 5.133100000000000033e-04 3.975099999999999745e-01
5.727799999999999727e+02 6.959149999999999503e-01 -1.673599999999999914e-03 0.000000000000000000e+00 4.394299999999999873e-01 0.000000000000000000e+00 0.000000000000000000e+00 0.000000000000000000e+00 0.000000000000000000e+00 0.000000000000000000e+00 7.714999999999999636e-02 0.000000000000000000e+00 6.049900000000000277e-01 -2.313799999999999885e-02 5.149899999999999790e-03 -2.313799999999999885e-02 3.910699999999999732e-01 2.866300000000000119e-04 5.149899999999999790e-03 2.866300000000000119e-04 3.957700000000000107e-01
5.799900000000000091e+02 6.933199999999999363e-01 -1.667700000000000042e-03 0.000000000000000000e+00 2.167199999999999960e-01 0.000000000000000000e+00 0.000000000000000000e+00 0.000000000000000000e+00 0.000000000000000000e+00 0.000000000000000000e+00 4.470500000000000168e-02 0.000000000000000000e+00 6.011199999999999877e-01 -1.154299999999999944e-02 4.663800000000000064e-03 -1.154299999999999944e-02 3.906899999999999817e-01 1.174400000000000004e-04 4.663800000000000064e-03 1.174400000000000004e-04 3.948300000000000143e-01
5.871900000000000546e+02 6.925299999999999789e-01 -1.665100000000000087e-03 0.000000000000000000e+00 0.000000000000000000e+00 0.000000000000000000e+00 0.000000000000000000e+00 0.000000000000000000e+00 0.000000000000000000e+00 0.000000000000000000e+00 0.000000000000000000e+00 0.000000000000000000e+00 5.998999999999999888e-01 0.000000000000000000e+00 4.469299999999999835e-03 0.000000000000000000e+00 3.905600000000000183e-01 0.000000000000000000e+00 4.469299999999999835e-03 0.000000000000000000e+00 3.946000000000000063e-01
