# y+, tke, epsilon, grad_u_11, grad_u_12, grad_u_13, grad_u_21, grad_u_22, grad_u_23, grad_u_31, grad_u_32, grad_u_33, uu_11, uu_12, uu_13, uu_21, uu_22, uu_23, uu_31, uu_32, uu_33, u_1, u_2, u_3
0.000000000000000000e+00 4.812310443580229370e-07 2.516484834408170834e-01 0.000000000000000000e+00 9.999986178210674703e-01 0.000000000000000000e+00 0.000000000000000000e+00 0.000000000000000000e+00 0.000000000000000000e+00 0.000000000000000000e+00 0.000000000000000000e+00 0.000000000000000000e+00 1.509945016220431994e-34 0.000000000000000000e+00 0.000000000000000000e+00 0.000000000000000000e+00 0.000000000000000000e+00 0.000000000000000000e+00 0.000000000000000000e+00 0.000000000000000000e+00 2.849189461256958136e-34 1.382862808566930101e-03 0.000000000000000000e+00 0.000000000000000000e+00
3.871946291763556786e-02 3.573042774382136988e-04 2.496732596134209892e-01 0.000000000000000000e+00 9.999546250537432179e-01 0.000000000000000000e+00 0.000000000000000000e+00 0.000000000000000000e+00 0.000000000000000000e+00 0.000000000000000000e+00 0.000000000000000000e+00 0.000000000000000000e+00 2.626071231595127954e-04 -5.955458784427440938e-08 0.000000000000000000e+00 -5.955458784427440938e-08 3.507267051801630826e-10 0.000000000000000000e+00 0.000000000000000000e+00 0.000000000000000000e+00 1.134218302969532046e-04 4.517089933518244477e-02 0.000000000000000000e+00 0.000000000000000000e+00
2.516618993246350078e-01 9.637177655466547602e-03 2.409560815774767772e-01 0.000000000000000000e+00 9.997089803532783758e-01 0.000000000000000000e+00 0.000000000000000000e+00 0.000000000000000000e+00 0.000000000000000000e+00 0.000000000000000000e+00 0.000000000000000000e+00 0.000000000000000000e+00 1.104335695386770948e-02 -1.668320922772530024e-05 0.000000000000000000e+00 -1.668320922772530024e-05 5.861158108652951409e-07 0.000000000000000000e+00 0.000000000000000000e+00 0.000000000000000000e+00 4.547173981902295423e-03 2.636017156136641337e-01 0.000000000000000000e+00 0.000000000000000000e+00
7.742701388503129278e-01 7.691113084054129745e-02 2.253348461553101312e-01 0.000000000000000000e+00 9.985807694877270047e-01 0.000000000000000000e+00 0.000000000000000000e+00 0.000000000000000000e+00 0.000000000000000000e+00 0.000000000000000000e+00 0.000000000000000000e+00 0.000000000000000000e+00 1.036010799640969954e-01 -5.062137030063627993e-04 0.000000000000000000e+00 -5.062137030063627993e-04 4.479966916546451766e-05 0.000000000000000000e+00 0.000000000000000000e+00 0.000000000000000000e+00 3.798571272552903055e-02 7.866966261814449801e-01 0.000000000000000000e+00 0.000000000000000000e+00
1.645081622720975023e+00 3.125099231117913767e-01 2.075231538086808603e-01 0.000000000000000000e+00 9.927209739757699714e-01 0.000000000000000000e+00 0.000000000000000000e+00 0.000000000000000000e+00 0.000000000000000000e+00 0.000000000000000000e+00 0.000000000000000000e+00 0.000000000000000000e+00 4.607926662048991151e-01 -5.036235016585591424e-03 0.000000000000000000e+00 -5.036235016585591424e-03 7.062468983145331119e-04 0.000000000000000000e+00 0.000000000000000000e+00 0.000000000000000000e+00 1.405196889538102012e-01 1.654046706010840584e+00 0.000000000000000000e+00 0.000000000000000000e+00
2.863793051893217978e+00 8.514451047905085002e-01 1.863346133353216139e-01 0.000000000000000000e+00 9.696041132048770494e-01 0.000000000000000000e+00 0.000000000000000000e+00 0.000000000000000000e+00 0.000000000000000000e+00 0.000000000000000000e+00 0.000000000000000000e+00 0.000000000000000000e+00 1.341868248854144019e+00 -2.606220755776804052e-02 0.000000000000000000e+00 -2.606220755776804052e-02 4.611936728560457263e-03 0.000000000000000000e+00 0.000000000000000000e+00 0.000000000000000000e+00 3.277227220270423902e-01 2.851293355334219015e+00 0.000000000000000000e+00 0.000000000000000000e+00
4.429979955608904341e+00 1.750997373389804768e+00 1.616235458444512108e-01 0.000000000000000000e+00 9.083267484421071458e-01 0.000000000000000000e+00 0.000000000000000000e+00 0.000000000000000000e+00 0.000000000000000000e+00 0.000000000000000000e+00 0.000000000000000000e+00 0.000000000000000000e+00 2.890652883651553040e+00 -8.519898472977194270e-02 0.000000000000000000e+00 -8.519898472977194270e-02 1.760150575999928912e-02 0.000000000000000000e+00 0.000000000000000000e+00 0.000000000000000000e+00 5.764423230527337960e-01 4.324815389633107188e+00 0.000000000000000000e+00 0.000000000000000000e+00
6.343096839236118889e+00 2.862910909884227806e+00 1.444450344197749647e-01 0.000000000000000000e+00 7.967855576856536226e-01 0.000000000000000000e+00 0.000000000000000000e+00 0.000000000000000000e+00 0.000000000000000000e+00 0.000000000000000000e+00 0.000000000000000000e+00 0.000000000000000000e+00 4.837153658473345885e+00 -1.953648816022273138e-01 0.000000000000000000e+00 -1.953648816022273138e-01 4.726729161549934194e-02 0.000000000000000000e+00 0.000000000000000000e+00 0.000000000000000000e+00 8.487491003709882742e-01 5.957437987174169614e+00 0.000000000000000000e+00 0.000000000000000000e+00
8.602477374262202048e+00 3.887488876296483209e+00 1.392315457995572936e-01 0.000000000000000000e+00 6.491821954486187707e-01 0.000000000000000000e+00 0.000000000000000000e+00 0.000000000000000000e+00 0.000000000000000000e+00 0.000000000000000000e+00 0.000000000000000000e+00 0.000000000000000000e+00 6.581681431593633391e+00 -3.419600667610426248e-01 0.000000000000000000e+00 -3.419600667610426248e-01 9.985920845389453793e-02 0.000000000000000000e+00 0.000000000000000000e+00 0.000000000000000000e+00 1.118189075966506962e+00 7.586836574480767759e+00 0.000000000000000000e+00 0.000000000000000000e+00
1.120733463037253941e+01 4.602286523603127399e+00 1.371342994581445929e-01 0.000000000000000000e+00 4.971273434062227770e-01 0.000000000000000000e+00 0.000000000000000000e+00 0.000000000000000000e+00 0.000000000000000000e+00 0.000000000000000000e+00 0.000000000000000000e+00 0.000000000000000000e+00 7.683013525741093197e+00 -4.923668831625875875e-01 0.000000000000000000e+00 -4.923668831625875875e-01 1.779022470081612073e-01 0.000000000000000000e+00 0.000000000000000000e+00 0.000000000000000000e+00 1.370220293702216985e+00 9.069083833166192932e+00 0.000000000000000000e+00 0.000000000000000000e+00
1.415676134953359977e+01 4.971211348053752310e+00 1.312067388446063465e-01 0.000000000000000000e+00 3.663387711946524128e-01 0.000000000000000000e+00 0.000000000000000000e+00 0.000000000000000000e+00 0.000000000000000000e+00 0.000000000000000000e+00 0.000000000000000000e+00 0.000000000000000000e+00 8.090346022152333560e+00 -6.204802204527983811e-01 0.000000000000000000e+00 -6.204802204527983811e-01 2.790794839729742183e-01 0.000000000000000000e+00 0.000000000000000000e+00 0.000000000000000000e+00 1.592822182378343943e+00 1.032824948358972250e+01 0.000000000000000000e+00 0.000000000000000000e+00
1.744973026198708865e+01 5.073793353937247730e+00 1.211935154720001906e-01 0.000000000000000000e+00 2.661513693428372296e-01 0.000000000000000000e+00 0.000000000000000000e+00 0.000000000000000000e+00 0.000000000000000000e+00 0.000000000000000000e+00 0.000000000000000000e+00 0.000000000000000000e+00 7.986788230102108699e+00 -7.172066690787718413e-01 0.000000000000000000e+00 -7.172066690787718413e-01 3.965695796401382811e-01 0.000000000000000000e+00 0.000000000000000000e+00 0.000000000000000000e+00 1.776253611362687890e+00 1.135577152824468250e+01 0.000000000000000000e+00 0.000000000000000000e+00
2.108509444404186084e+01 5.011183111195850692e+00 1.090532202634056647e-01 0.000000000000000000e+00 1.941892914006788928e-01 0.000000000000000000e+00 0.000000000000000000e+00 0.000000000000000000e+00 0.000000000000000000e+00 0.000000000000000000e+00 0.000000000000000000e+00 0.000000000000000000e+00 7.590407432467734417e+00 -7.852497788504688714e-01 0.000000000000000000e+00 -7.852497788504688714e-01 5.210512608586754801e-01 0.000000000000000000e+00 0.000000000000000000e+00 0.000000000000000000e+00 1.916948448744407063e+00 1.218101156183929845e+01 0.000000000000000000e+00 0.000000000000000000e+00
2.506158771754149939e+01 4.863834758698661886e+00 9.639343239249809070e-02 0.000000000000000000e+00 1.439966488117752907e-01 0.000000000000000000e+00 0.000000000000000000e+00 0.000000000000000000e+00 0.000000000000000000e+00 0.000000000000000000e+00 0.000000000000000000e+00 0.000000000000000000e+00 7.069025500132698703e+00 -8.312341265644125343e-01 0.000000000000000000e+00 -8.312341265644125343e-01 6.433648417297643807e-01 0.000000000000000000e+00 0.000000000000000000e+00 0.000000000000000000e+00 2.017437951574835964e+00 1.284462025298725152e+01 0.000000000000000000e+00 0.000000000000000000e+00
2.937782509086796878e+01 4.684818711502739319e+00 8.422386164747264203e-02 0.000000000000000000e+00 1.092684723959503057e-01 0.000000000000000000e+00 0.000000000000000000e+00 0.000000000000000000e+00 0.000000000000000000e+00 0.000000000000000000e+00 0.000000000000000000e+00 0.000000000000000000e+00 6.529578898471642745e+00 -8.615178492975847924e-01 0.000000000000000000e+00 -8.615178492975847924e-01 7.563825650260362909e-01 0.000000000000000000e+00 0.000000000000000000e+00 0.000000000000000000e+00 2.083635394231286853e+00 1.338475388030635926e+01 0.000000000000000000e+00 0.000000000000000000e+00
3.403230324132602647e+01 4.504553951689242552e+00 7.315781460852874285e-02 0.000000000000000000e+00 8.519321804570514911e-02 0.000000000000000000e+00 0.000000000000000000e+00 0.000000000000000000e+00 0.000000000000000000e+00 0.000000000000000000e+00 0.000000000000000000e+00 0.000000000000000000e+00 6.030037349241459843e+00 -8.809172971454533041e-01 0.000000000000000000e+00 -8.809172971454533041e-01 8.556358606349088181e-01 0.000000000000000000e+00 0.000000000000000000e+00 0.000000000000000000e+00 2.122388164131260968e+00 1.383263456931059388e+01 0.000000000000000000e+00 0.000000000000000000e+00
3.902340103874340826e+01 4.337504072989631254e+00 6.351359635953680860e-02 0.000000000000000000e+00 6.841846392661461718e-02 0.000000000000000000e+00 0.000000000000000000e+00 0.000000000000000000e+00 0.000000000000000000e+00 0.000000000000000000e+00 0.000000000000000000e+00 0.000000000000000000e+00 5.594696152988672289e+00 -8.927301875473377946e-01 0.000000000000000000e+00 -8.927301875473377946e-01 9.390758800649358085e-01 0.000000000000000000e+00 0.000000000000000000e+00 0.000000000000000000e+00 2.139813626658357837e+00 1.421260812146026353e+01 0.000000000000000000e+00 0.000000000000000000e+00
4.434938011010159897e+01 4.189139512592637615e+00 5.530625058523931659e-02 0.000000000000000000e+00 5.659155025454217641e-02 0.000000000000000000e+00 0.000000000000000000e+00 0.000000000000000000e+00 0.000000000000000000e+00 0.000000000000000000e+00 0.000000000000000000e+00 0.000000000000000000e+00 5.229545700543680731e+00 -8.992594370558916195e-01 0.000000000000000000e+00 -8.992594370558916195e-01 1.006504649496710924e+00 0.000000000000000000e+00 0.000000000000000000e+00 0.000000000000000000e+00 2.140786730104545121e+00 1.454309574365635527e+01 0.000000000000000000e+00 0.000000000000000000e+00
5.000838544500179950e+01 4.059999446735085726e+00 4.840307929690935984e-02 0.000000000000000000e+00 4.810092033830158653e-02 0.000000000000000000e+00 0.000000000000000000e+00 0.000000000000000000e+00 0.000000000000000000e+00 0.000000000000000000e+00 0.000000000000000000e+00 0.000000000000000000e+00 4.930337727263149006e+00 -9.021034519303690047e-01 0.000000000000000000e+00 -9.021034519303690047e-01 1.058942807781529050e+00 0.000000000000000000e+00 0.000000000000000000e+00 0.000000000000000000e+00 2.129436109798584109e+00 1.483759916223080921e+01 0.000000000000000000e+00 0.000000000000000000e+00
5.599844604175545015e+01 3.947986998508463241e+00 4.263115268855786899e-02 0.000000000000000000e+00 4.185783462566890212e-02 0.000000000000000000e+00 0.000000000000000000e+00 0.000000000000000000e+00 0.000000000000000000e+00 0.000000000000000000e+00 0.000000000000000000e+00 0.000000000000000000e+00 4.687952675133307601e+00 -9.023638009169978602e-01 0.000000000000000000e+00 -9.023638009169978602e-01 1.098160718421484106e+00 0.000000000000000000e+00 0.000000000000000000e+00 0.000000000000000000e+00 2.108834644350051857e+00 1.510578269316437527e+01 0.000000000000000000e+00 0.000000000000000000e+00
6.231747559387363111e+01 3.849909543120389799e+00 3.780411993055546316e-02 0.000000000000000000e+00 3.714221225991763686e-02 0.000000000000000000e+00 0.000000000000000000e+00 0.000000000000000000e+00 0.000000000000000000e+00 0.000000000000000000e+00 0.000000000000000000e+00 0.000000000000000000e+00 4.491718105361536040e+00 -9.007146722817436224e-01 0.000000000000000000e+00 -9.007146722817436224e-01 1.126277879178881003e+00 0.000000000000000000e+00 0.000000000000000000e+00 0.000000000000000000e+00 2.081007236321835929e+00 1.535448752769901049e+01 0.000000000000000000e+00 0.000000000000000000e+00
6.896327321671668642e+01 3.763035817873893407e+00 3.373822882898679792e-02 0.000000000000000000e+00 3.344623319305248255e-02 0.000000000000000000e+00 0.000000000000000000e+00 0.000000000000000000e+00 0.000000000000000000e+00 0.000000000000000000e+00 0.000000000000000000e+00 0.000000000000000000e+00 4.332141517537417386e+00 -8.976601751180809385e-01 0.000000000000000000e+00 -8.976601751180809385e-01 1.145413289504811916e+00 0.000000000000000000e+00 0.000000000000000000e+00 0.000000000000000000e+00 2.047805043345916953e+00 1.558839174466295319e+01 0.000000000000000000e+00 0.000000000000000000e+00
7.593352421405079156e+01 3.685605434807727843e+00 3.028033786782592315e-02 0.000000000000000000e+00 3.044965137852677708e-02 0.000000000000000000e+00 0.000000000000000000e+00 0.000000000000000000e+00 0.000000000000000000e+00 0.000000000000000000e+00 0.000000000000000000e+00 0.000000000000000000e+00 4.201965000326350896e+00 -8.936039907682653549e-01 0.000000000000000000e+00 -8.936039907682653549e-01 1.157373102522595065e+00 0.000000000000000000e+00 0.000000000000000000e+00 0.000000000000000000e+00 2.011333997751755032e+00 1.581058563136612349e+01 0.000000000000000000e+00 0.000000000000000000e+00
8.322580088424430755e+01 3.615536390030141156e+00 2.732402874545425409e-02 0.000000000000000000e+00 2.795249781448513188e-02 0.000000000000000000e+00 0.000000000000000000e+00 0.000000000000000000e+00 0.000000000000000000e+00 0.000000000000000000e+00 0.000000000000000000e+00 0.000000000000000000e+00 4.094204935223775266e+00 -8.887609636787738854e-01 0.000000000000000000e+00 -8.887609636787738854e-01 1.163698853078185103e+00 0.000000000000000000e+00 0.000000000000000000e+00 0.000000000000000000e+00 1.972763103294391973e+00 1.602313783983985829e+01 0.000000000000000000e+00 0.000000000000000000e+00
9.083756336582315782e+01 3.551037909115445590e+00 2.477510302009747895e-02 0.000000000000000000e+00 2.583230802677679433e-02 0.000000000000000000e+00 0.000000000000000000e+00 0.000000000000000000e+00 0.000000000000000000e+00 0.000000000000000000e+00 0.000000000000000000e+00 0.000000000000000000e+00 4.002876122067685394e+00 -8.832977718425922831e-01 0.000000000000000000e+00 -8.832977718425922831e-01 1.165681278059861992e+00 0.000000000000000000e+00 0.000000000000000000e+00 0.000000000000000000e+00 1.933207717602114961e+00 1.622751936364867120e+01 0.000000000000000000e+00 0.000000000000000000e+00
9.876616052209193697e+01 3.490784726274799077e+00 2.255948733566261188e-02 0.000000000000000000e+00 2.400704839114582712e-02 0.000000000000000000e+00 0.000000000000000000e+00 0.000000000000000000e+00 0.000000000000000000e+00 0.000000000000000000e+00 0.000000000000000000e+00 0.000000000000000000e+00 3.923552143029545025e+00 -8.772423843097648666e-01 0.000000000000000000e+00 -8.772423843097648666e-01 1.164398632828594904e+00 0.000000000000000000e+00 0.000000000000000000e+00 0.000000000000000000e+00 1.893385755968024942e+00 1.642483128449356400e+01 0.000000000000000000e+00 0.000000000000000000e+00
1.070088308645100028e+02 3.433765274344668050e+00 2.062451344503146017e-02 0.000000000000000000e+00 2.241231428804437917e-02 0.000000000000000000e+00 0.000000000000000000e+00 0.000000000000000000e+00 0.000000000000000000e+00 0.000000000000000000e+00 0.000000000000000000e+00 0.000000000000000000e+00 3.852752025856009066e+00 -8.706787456413571658e-01 0.000000000000000000e+00 -8.706787456413571658e-01 1.160790046210611992e+00 0.000000000000000000e+00 0.000000000000000000e+00 0.000000000000000000e+00 1.853785307958387030e+00 1.661591646369534558e+01 0.000000000000000000e+00 0.000000000000000000e+00
1.155627035145040935e+02 3.379484607969128529e+00 1.892674635201939404e-02 0.000000000000000000e+00 2.100831784532923227e-02 0.000000000000000000e+00 0.000000000000000000e+00 0.000000000000000000e+00 0.000000000000000000e+00 0.000000000000000000e+00 0.000000000000000000e+00 0.000000000000000000e+00 3.787812483624063198e+00 -8.636632865661698633e-01 0.000000000000000000e+00 -8.636632865661698633e-01 1.155486538203420954e+00 0.000000000000000000e+00 0.000000000000000000e+00 0.000000000000000000e+00 1.815517104946857918e+00 1.680143434550848269e+01 0.000000000000000000e+00 0.000000000000000000e+00
1.244247992033792940e+02 3.327305160249338645e+00 1.742723558963206465e-02 0.000000000000000000e+00 1.975346222200657226e-02 0.000000000000000000e+00 0.000000000000000000e+00 0.000000000000000000e+00 0.000000000000000000e+00 0.000000000000000000e+00 0.000000000000000000e+00 0.000000000000000000e+00 3.726986975325758067e+00 -8.561277181813299331e-01 0.000000000000000000e+00 -8.561277181813299331e-01 1.148804201328649022e+00 0.000000000000000000e+00 0.000000000000000000e+00 0.000000000000000000e+00 1.778715073866216967e+00 1.698188647849418231e+01 0.000000000000000000e+00 0.000000000000000000e+00
1.335920313099838950e+02 3.276564564807988411e+00 1.609414709275310690e-02 0.000000000000000000e+00 1.862945592732236783e-02 0.000000000000000000e+00 0.000000000000000000e+00 0.000000000000000000e+00 0.000000000000000000e+00 0.000000000000000000e+00 0.000000000000000000e+00 0.000000000000000000e+00 3.668673401156039127e+00 -8.480827451124404170e-01 0.000000000000000000e+00 -8.480827451124404170e-01 1.141018982205032950e+00 0.000000000000000000e+00 0.000000000000000000e+00 0.000000000000000000e+00 1.743366386627080988e+00 1.715767327849444612e+01 0.000000000000000000e+00 0.000000000000000000e+00
1.430612069357617031e+02 3.226793218782673556e+00 1.490915905184289451e-02 0.000000000000000000e+00 1.760955914410002043e-02 0.000000000000000000e+00 0.000000000000000000e+00 0.000000000000000000e+00 0.000000000000000000e+00 0.000000000000000000e+00 0.000000000000000000e+00 0.000000000000000000e+00 3.611758183235374009e+00 -8.395633960746978763e-01 0.000000000000000000e+00 -8.395633960746978763e-01 1.132434050293253947e+00 0.000000000000000000e+00 0.000000000000000000e+00 0.000000000000000000e+00 1.709342998428369897e+00 1.732912556602728671e+01 0.000000000000000000e+00 0.000000000000000000e+00
1.528290280168228037e+02 3.177738419431503480e+00 1.384405755952704611e-02 0.000000000000000000e+00 1.668052081107681411e-02 0.000000000000000000e+00 0.000000000000000000e+00 0.000000000000000000e+00 0.000000000000000000e+00 0.000000000000000000e+00 0.000000000000000000e+00 0.000000000000000000e+00 3.556092623808960962e+00 -8.306352266695554709e-01 0.000000000000000000e+00 -8.306352266695554709e-01 1.123200949693889061e+00 0.000000000000000000e+00 0.000000000000000000e+00 0.000000000000000000e+00 1.676129466598758944e+00 1.749647715118701186e+01 0.000000000000000000e+00 0.000000000000000000e+00
1.628920924726419059e+02 3.129398179255322709e+00 1.288636196280133588e-02 0.000000000000000000e+00 1.582656920635057418e-02 0.000000000000000000e+00 0.000000000000000000e+00 0.000000000000000000e+00 0.000000000000000000e+00 0.000000000000000000e+00 0.000000000000000000e+00 0.000000000000000000e+00 3.501368066485047947e+00 -8.212736414029316867e-01 0.000000000000000000e+00 -8.212736414029316867e-01 1.113401375750193933e+00 0.000000000000000000e+00 0.000000000000000000e+00 0.000000000000000000e+00 1.643982216976173971e+00 1.765994548164846378e+01 0.000000000000000000e+00 0.000000000000000000e+00
1.732468953909840934e+02 3.081638824775069452e+00 1.202113353584056098e-02 0.000000000000000000e+00 1.503427657450752755e-02 0.000000000000000000e+00 0.000000000000000000e+00 0.000000000000000000e+00 0.000000000000000000e+00 0.000000000000000000e+00 0.000000000000000000e+00 0.000000000000000000e+00 3.447418411459699072e+00 -8.115488058128877968e-01 0.000000000000000000e+00 -8.115488058128877968e-01 1.103091718811374911e+00 0.000000000000000000e+00 0.000000000000000000e+00 0.000000000000000000e+00 1.612761197209874986e+00 1.781962928996242823e+01 0.000000000000000000e+00 0.000000000000000000e+00
1.838898302486481100e+02 3.034046495883996997e+00 1.123753232553173671e-02 0.000000000000000000e+00 1.431102143441741713e-02 0.000000000000000000e+00 0.000000000000000000e+00 0.000000000000000000e+00 0.000000000000000000e+00 0.000000000000000000e+00 0.000000000000000000e+00 0.000000000000000000e+00 3.393334633437846026e+00 -8.015356474317575364e-01 0.000000000000000000e+00 -8.015356474317575364e-01 1.092317115462202892e+00 0.000000000000000000e+00 0.000000000000000000e+00 0.000000000000000000e+00 1.582441468847485044e+00 1.797569082852627886e+01 0.000000000000000000e+00 0.000000000000000000e+00
1.948171901675989091e+02 2.986375440699081008e+00 1.052897140871390282e-02 0.000000000000000000e+00 1.366212545273236961e-02 0.000000000000000000e+00 0.000000000000000000e+00 0.000000000000000000e+00 0.000000000000000000e+00 0.000000000000000000e+00 0.000000000000000000e+00 0.000000000000000000e+00 3.338459334591989069e+00 -7.912338486083837497e-01 0.000000000000000000e+00 -7.912338486083837497e-01 1.081179250119741031e+00 0.000000000000000000e+00 0.000000000000000000e+00 0.000000000000000000e+00 1.553137092132357067e+00 1.812843104413042283e+01 0.000000000000000000e+00 0.000000000000000000e+00
2.060251692060541018e+02 2.938440231858837404e+00 9.884907645878907717e-03 0.000000000000000000e+00 1.306543661606722473e-02 0.000000000000000000e+00 0.000000000000000000e+00 0.000000000000000000e+00 0.000000000000000000e+00 0.000000000000000000e+00 0.000000000000000000e+00 0.000000000000000000e+00 3.282644630512184136e+00 -7.806486130472461982e-01 0.000000000000000000e+00 -7.806486130472461982e-01 1.069725496589329028e+00 0.000000000000000000e+00 0.000000000000000000e+00 0.000000000000000000e+00 1.524512268521907021e+00 1.827815178776175387e+01 0.000000000000000000e+00 0.000000000000000000e+00
2.175098636840727977e+02 2.890344514165649858e+00 9.293659828717579924e-03 0.000000000000000000e+00 1.249138223807087951e-02 0.000000000000000000e+00 0.000000000000000000e+00 0.000000000000000000e+00 0.000000000000000000e+00 0.000000000000000000e+00 0.000000000000000000e+00 0.000000000000000000e+00 3.226108179565927880e+00 -7.697969770567177905e-01 0.000000000000000000e+00 -7.697969770567177905e-01 1.057879583081090979e+00 0.000000000000000000e+00 0.000000000000000000e+00 0.000000000000000000e+00 1.496730685792047932e+00 1.842487096458916085e+01 0.000000000000000000e+00 0.000000000000000000e+00
2.292672735431877129e+02 2.841924575237530171e+00 8.750012050136556085e-03 0.000000000000000000e+00 1.193669188767775696e-02 0.000000000000000000e+00 0.000000000000000000e+00 0.000000000000000000e+00 0.000000000000000000e+00 0.000000000000000000e+00 0.000000000000000000e+00 0.000000000000000000e+00 3.168802692400210841e+00 -7.586703595350927642e-01 0.000000000000000000e+00 -7.586703595350927642e-01 1.045571832782518973e+00 0.000000000000000000e+00 0.000000000000000000e+00 0.000000000000000000e+00 1.469504778829050062e+00 1.856841912463706734e+01 0.000000000000000000e+00 0.000000000000000000e+00
2.412933037396028908e+02 2.793183816964638133e+00 8.249726304031097801e-03 0.000000000000000000e+00 1.142279013995418924e-02 0.000000000000000000e+00 0.000000000000000000e+00 0.000000000000000000e+00 0.000000000000000000e+00 0.000000000000000000e+00 0.000000000000000000e+00 0.000000000000000000e+00 3.110679194948620108e+00 -7.472147012003147459e-01 0.000000000000000000e+00 -7.472147012003147459e-01 1.032787369654303955e+00 0.000000000000000000e+00 0.000000000000000000e+00 0.000000000000000000e+00 1.442911849216341968e+00 1.870880898037856355e+01 0.000000000000000000e+00 0.000000000000000000e+00
2.535837656704775043e+02 2.744297536350939648e+00 7.790175773514353141e-03 0.000000000000000000e+00 1.094840981138963179e-02 0.000000000000000000e+00 0.000000000000000000e+00 0.000000000000000000e+00 0.000000000000000000e+00 0.000000000000000000e+00 0.000000000000000000e+00 0.000000000000000000e+00 3.052262828241874892e+00 -7.353766709447960848e-01 0.000000000000000000e+00 -7.353766709447960848e-01 1.019630302482005924e+00 0.000000000000000000e+00 0.000000000000000000e+00 0.000000000000000000e+00 1.416706521429430987e+00 1.884623393168161698e+01 0.000000000000000000e+00 0.000000000000000000e+00
2.661343786327930161e+02 2.695264795685305081e+00 7.363783399173200184e-03 0.000000000000000000e+00 1.050235131443480636e-02 0.000000000000000000e+00 0.000000000000000000e+00 0.000000000000000000e+00 0.000000000000000000e+00 0.000000000000000000e+00 0.000000000000000000e+00 0.000000000000000000e+00 2.993729843797781065e+00 -7.233325308811795473e-01 0.000000000000000000e+00 -7.233325308811795473e-01 1.006252106544629044e+00 0.000000000000000000e+00 0.000000000000000000e+00 0.000000000000000000e+00 1.390588686952022979e+00 1.898079538823150259e+01 0.000000000000000000e+00 0.000000000000000000e+00
2.789407713142995817e+02 2.645694628375503399e+00 6.968013642937120541e-03 0.000000000000000000e+00 1.009311456756580710e-02 0.000000000000000000e+00 0.000000000000000000e+00 0.000000000000000000e+00 0.000000000000000000e+00 0.000000000000000000e+00 0.000000000000000000e+00 0.000000000000000000e+00 2.934331530354540085e+00 -7.109554381381445465e-01 0.000000000000000000e+00 -7.109554381381445465e-01 9.926069510041374278e-01 0.000000000000000000e+00 0.000000000000000000e+00 0.000000000000000000e+00 1.364520803476144906e+00 1.911259982894187104e+01 0.000000000000000000e+00 0.000000000000000000e+00
2.919984833160216908e+02 2.595267865856188294e+00 6.600987599618016698e-03 0.000000000000000000e+00 9.729820912485904680e-03 0.000000000000000000e+00 0.000000000000000000e+00 0.000000000000000000e+00 0.000000000000000000e+00 0.000000000000000000e+00 0.000000000000000000e+00 0.000000000000000000e+00 2.873876385381985088e+00 -6.981841281557927825e-01 0.000000000000000000e+00 -6.981841281557927825e-01 9.786340213674141753e-01 0.000000000000000000e+00 0.000000000000000000e+00 0.000000000000000000e+00 1.338060579721543908e+00 1.924196836536963673e+01 0.000000000000000000e+00 0.000000000000000000e+00
3.053029667057909933e+02 2.544363922614031992e+00 6.260003003107588934e-03 0.000000000000000000e+00 9.397422043887056209e-03 0.000000000000000000e+00 0.000000000000000000e+00 0.000000000000000000e+00 0.000000000000000000e+00 0.000000000000000000e+00 0.000000000000000000e+00 0.000000000000000000e+00 2.812937863608308220e+00 -6.852712899275300584e-01 0.000000000000000000e+00 -6.852712899275300584e-01 9.643016612029282619e-01 0.000000000000000000e+00 0.000000000000000000e+00 0.000000000000000000e+00 1.311480676236546072e+00 1.936915692250869370e+01 0.000000000000000000e+00 0.000000000000000000e+00
3.188495876022668085e+02 2.493488491964779286e+00 5.940060563512733482e-03 0.000000000000000000e+00 9.084237020851187311e-03 0.000000000000000000e+00 0.000000000000000000e+00 0.000000000000000000e+00 0.000000000000000000e+00 0.000000000000000000e+00 0.000000000000000000e+00 0.000000000000000000e+00 2.752075365088364922e+00 -6.721035937833510499e-01 0.000000000000000000e+00 -6.721035937833510499e-01 9.495453754304435945e-01 0.000000000000000000e+00 0.000000000000000000e+00 0.000000000000000000e+00 1.285353442290696035e+00 1.949431990890924737e+01 0.000000000000000000e+00 0.000000000000000000e+00
3.326336277888933068e+02 2.442613534058420299e+00 5.638725877009094500e-03 0.000000000000000000e+00 8.786605143144478325e-03 0.000000000000000000e+00 0.000000000000000000e+00 0.000000000000000000e+00 0.000000000000000000e+00 0.000000000000000000e+00 0.000000000000000000e+00 0.000000000000000000e+00 2.691227692537879079e+00 -6.585396373995955344e-01 0.000000000000000000e+00 -6.585396373995955344e-01 9.344678384830956697e-01 0.000000000000000000e+00 0.000000000000000000e+00 0.000000000000000000e+00 1.259551640387970961e+00 1.961744568966411961e+01 0.000000000000000000e+00 0.000000000000000000e+00
3.466502863572291062e+02 2.391434449174070664e+00 5.358086077317485499e-03 0.000000000000000000e+00 8.502619677270350368e-03 0.000000000000000000e+00 0.000000000000000000e+00 0.000000000000000000e+00 0.000000000000000000e+00 0.000000000000000000e+00 0.000000000000000000e+00 0.000000000000000000e+00 2.630293503903152974e+00 -6.447171088826342267e-01 0.000000000000000000e+00 -6.447171088826342267e-01 9.192159017763013029e-01 0.000000000000000000e+00 0.000000000000000000e+00 0.000000000000000000e+00 1.233385786491475011e+00 1.973859540195247320e+01 0.000000000000000000e+00 0.000000000000000000e+00
3.608946813790780084e+02 2.339838562008088374e+00 5.095093940435248964e-03 0.000000000000000000e+00 8.228960064078250092e-03 0.000000000000000000e+00 0.000000000000000000e+00 0.000000000000000000e+00 0.000000000000000000e+00 0.000000000000000000e+00 0.000000000000000000e+00 0.000000000000000000e+00 2.569169849170572117e+00 -6.308262862709407282e-01 0.000000000000000000e+00 -6.308262862709407282e-01 9.037501750383514221e-01 0.000000000000000000e+00 0.000000000000000000e+00 0.000000000000000000e+00 1.206791821438774948e+00 1.985772751964268323e+01 0.000000000000000000e+00 0.000000000000000000e+00
3.753618516068394229e+02 2.287786868057336775e+00 4.844934286691056705e-03 0.000000000000000000e+00 7.975725279855089972e-03 0.000000000000000000e+00 0.000000000000000000e+00 0.000000000000000000e+00 0.000000000000000000e+00 0.000000000000000000e+00 0.000000000000000000e+00 0.000000000000000000e+00 2.507707454458906859e+00 -6.167566638722015160e-01 0.000000000000000000e+00 -6.167566638722015160e-01 8.879759024733060446e-01 0.000000000000000000e+00 0.000000000000000000e+00 0.000000000000000000e+00 1.179897081800463932e+00 1.997492115985113870e+01 0.000000000000000000e+00 0.000000000000000000e+00
3.900467582014840104e+02 2.235549308280518233e+00 4.608341677351300222e-03 0.000000000000000000e+00 7.729719679056761689e-03 0.000000000000000000e+00 0.000000000000000000e+00 0.000000000000000000e+00 0.000000000000000000e+00 0.000000000000000000e+00 0.000000000000000000e+00 0.000000000000000000e+00 2.445872010127561946e+00 -6.025129718783350796e-01 0.000000000000000000e+00 -6.025129718783350796e-01 8.718515829787886195e-01 0.000000000000000000e+00 0.000000000000000000e+00 0.000000000000000000e+00 1.153392431444048016e+00 2.009021903461511727e+01 0.000000000000000000e+00 0.000000000000000000e+00
4.049442864875554733e+02 2.183098306893091145e+00 4.385482825022246275e-03 0.000000000000000000e+00 7.493136700849809678e-03 0.000000000000000000e+00 0.000000000000000000e+00 0.000000000000000000e+00 0.000000000000000000e+00 0.000000000000000000e+00 0.000000000000000000e+00 0.000000000000000000e+00 2.383640925865233129e+00 -5.879533164693407921e-01 0.000000000000000000e+00 -5.879533164693407921e-01 8.554184907685885575e-01 0.000000000000000000e+00 0.000000000000000000e+00 0.000000000000000000e+00 1.127171825239718927e+00 2.020358061144940365e+01 0.000000000000000000e+00 0.000000000000000000e+00
4.200492477345845828e+02 2.130356538156751078e+00 4.173031284653318067e-03 0.000000000000000000e+00 7.273026773734902681e-03 0.000000000000000000e+00 0.000000000000000000e+00 0.000000000000000000e+00 0.000000000000000000e+00 0.000000000000000000e+00 0.000000000000000000e+00 0.000000000000000000e+00 2.321547009274008033e+00 -5.730851806283071559e-01 0.000000000000000000e+00 -5.730851806283071559e-01 8.385998415409297024e-01 0.000000000000000000e+00 0.000000000000000000e+00 0.000000000000000000e+00 1.100551871468850917e+00 2.031507283585110457e+01 0.000000000000000000e+00 0.000000000000000000e+00
4.353563809642965907e+02 2.077652528157778455e+00 3.971197444239224494e-03 0.000000000000000000e+00 7.072651373476650759e-03 0.000000000000000000e+00 0.000000000000000000e+00 0.000000000000000000e+00 0.000000000000000000e+00 0.000000000000000000e+00 0.000000000000000000e+00 0.000000000000000000e+00 2.260068524320189010e+00 -5.579927397618120732e-01 0.000000000000000000e+00 -5.579927397618120732e-01 8.214397601365219792e-01 0.000000000000000000e+00 0.000000000000000000e+00 0.000000000000000000e+00 1.073826565119545995e+00 2.042483696296758566e+01 0.000000000000000000e+00 0.000000000000000000e+00
4.508603547829823128e+02 2.024637312276164725e+00 3.778885000434616809e-03 0.000000000000000000e+00 6.886687624544077756e-03 0.000000000000000000e+00 0.000000000000000000e+00 0.000000000000000000e+00 0.000000000000000000e+00 0.000000000000000000e+00 0.000000000000000000e+00 0.000000000000000000e+00 2.198406573855650858e+00 -5.426495199205387809e-01 0.000000000000000000e+00 -5.426495199205387809e-01 8.040761923319521554e-01 0.000000000000000000e+00 0.000000000000000000e+00 0.000000000000000000e+00 1.046824576553289976e+00 2.053303315996379297e+01 0.000000000000000000e+00 0.000000000000000000e+00
4.665557692383943049e+02 1.971195712711416137e+00 3.595554253484113845e-03 0.000000000000000000e+00 6.698103856177659542e-03 0.000000000000000000e+00 0.000000000000000000e+00 0.000000000000000000e+00 0.000000000000000000e+00 0.000000000000000000e+00 0.000000000000000000e+00 0.000000000000000000e+00 2.136264156164441985e+00 -5.270300136709120675e-01 0.000000000000000000e+00 -5.270300136709120675e-01 7.865942508361274399e-01 0.000000000000000000e+00 0.000000000000000000e+00 0.000000000000000000e+00 1.019545599668365998e+00 2.063964473569956937e+01 0.000000000000000000e+00 0.000000000000000000e+00
4.824371577005219933e+02 1.917665491002185085e+00 3.421992070520628836e-03 0.000000000000000000e+00 6.499832314047213240e-03 0.000000000000000000e+00 0.000000000000000000e+00 0.000000000000000000e+00 0.000000000000000000e+00 0.000000000000000000e+00 0.000000000000000000e+00 0.000000000000000000e+00 2.074509579834835193e+00 -5.112751913243346324e-01 0.000000000000000000e+00 -5.112751913243346324e-01 7.689789464669780639e-01 0.000000000000000000e+00 0.000000000000000000e+00 0.000000000000000000e+00 9.918050107271373372e-01 2.074445558073368900e+01 0.000000000000000000e+00 0.000000000000000000e+00
4.984989887655897860e+02 1.864488000615573515e+00 3.255349038086433142e-03 0.000000000000000000e+00 6.300313076402891052e-03 0.000000000000000000e+00 0.000000000000000000e+00 0.000000000000000000e+00 0.000000000000000000e+00 0.000000000000000000e+00 0.000000000000000000e+00 0.000000000000000000e+00 2.013453875565743179e+00 -4.954232544429760798e-01 0.000000000000000000e+00 -4.954232544429760798e-01 7.511997681829297724e-01 0.000000000000000000e+00 0.000000000000000000e+00 0.000000000000000000e+00 9.643233908281118039e-01 2.084722450393897830e+01 0.000000000000000000e+00 0.000000000000000000e+00
5.147356681826161093e+02 1.811452754650212160e+00 3.096832953527983018e-03 0.000000000000000000e+00 6.121723198823952883e-03 0.000000000000000000e+00 0.000000000000000000e+00 0.000000000000000000e+00 0.000000000000000000e+00 0.000000000000000000e+00 0.000000000000000000e+00 0.000000000000000000e+00 1.952831747709353083e+00 -4.794563801494500788e-01 0.000000000000000000e+00 -4.794563801494500788e-01 7.333308613310012269e-01 0.000000000000000000e+00 0.000000000000000000e+00 0.000000000000000000e+00 9.367276629940425314e-01 2.094804077343294324e+01 0.000000000000000000e+00 0.000000000000000000e+00
5.311415408018608559e+02 1.758423623174884209e+00 2.944419625428923264e-03 0.000000000000000000e+00 5.952569378061449770e-03 0.000000000000000000e+00 0.000000000000000000e+00 0.000000000000000000e+00 0.000000000000000000e+00 0.000000000000000000e+00 0.000000000000000000e+00 0.000000000000000000e+00 1.892659713789887066e+00 -4.633014551252326862e-01 0.000000000000000000e+00 -4.633014551252326862e-01 7.152811051449055046e-01 0.000000000000000000e+00 0.000000000000000000e+00 0.000000000000000000e+00 9.089451604162980258e-01 2.104707654734260913e+01 0.000000000000000000e+00 0.000000000000000000e+00
5.477108925444849774e+02 1.705036835536302142e+00 2.798294230338216164e-03 0.000000000000000000e+00 5.779037504507509443e-03 0.000000000000000000e+00 0.000000000000000000e+00 0.000000000000000000e+00 0.000000000000000000e+00 0.000000000000000000e+00 0.000000000000000000e+00 0.000000000000000000e+00 1.832288996739739106e+00 -4.468925581658608204e-01 0.000000000000000000e+00 -4.468925581658608204e-01 6.971369416279132869e-01 0.000000000000000000e+00 0.000000000000000000e+00 0.000000000000000000e+00 8.806597458256205657e-01 2.114427572530014743e+01 0.000000000000000000e+00 0.000000000000000000e+00
5.644379523927337914e+02 1.651396166698012147e+00 2.658297546592060245e-03 0.000000000000000000e+00 5.603440013726531527e-03 0.000000000000000000e+00 0.000000000000000000e+00 0.000000000000000000e+00 0.000000000000000000e+00 0.000000000000000000e+00 0.000000000000000000e+00 0.000000000000000000e+00 1.771721361688233021e+00 -4.302967014911224797e-01 0.000000000000000000e+00 -4.302967014911224797e-01 6.790971763001251160e-01 0.000000000000000000e+00 0.000000000000000000e+00 0.000000000000000000e+00 8.519797186657860344e-01 2.123946125670218166e+01 0.000000000000000000e+00 0.000000000000000000e+00
5.813168943999514795e+02 1.597693916145798587e+00 2.526030111529212370e-03 0.000000000000000000e+00 5.435310791870561799e-03 0.000000000000000000e+00 0.000000000000000000e+00 0.000000000000000000e+00 0.000000000000000000e+00 0.000000000000000000e+00 0.000000000000000000e+00 0.000000000000000000e+00 1.710794690656584960e+00 -4.134925155792307794e-01 0.000000000000000000e+00 -4.134925155792307794e-01 6.613354719244938229e-01 0.000000000000000000e+00 0.000000000000000000e+00 0.000000000000000000e+00 8.232279704512059926e-01 2.133260320830972745e+01 0.000000000000000000e+00 0.000000000000000000e+00
5.983418397197277727e+02 1.544237126604859345e+00 2.400408296109111765e-03 0.000000000000000000e+00 5.270172431327353225e-03 0.000000000000000000e+00 0.000000000000000000e+00 0.000000000000000000e+00 0.000000000000000000e+00 0.000000000000000000e+00 0.000000000000000000e+00 0.000000000000000000e+00 1.649599083024245072e+00 -3.965831292697288846e-01 0.000000000000000000e+00 -3.965831292697288846e-01 6.439221749460900535e-01 0.000000000000000000e+00 0.000000000000000000e+00 0.000000000000000000e+00 7.949450574991286933e-01 2.142373988563348775e+01 0.000000000000000000e+00 0.000000000000000000e+00
6.155068586534698625e+02 1.490978607185880378e+00 2.280709772328404043e-03 0.000000000000000000e+00 5.098729052855031744e-03 0.000000000000000000e+00 0.000000000000000000e+00 0.000000000000000000e+00 0.000000000000000000e+00 0.000000000000000000e+00 0.000000000000000000e+00 0.000000000000000000e+00 1.588303988236910991e+00 -3.796006440259928061e-01 0.000000000000000000e+00 -3.796006440259928061e-01 6.267796385579074148e-01 0.000000000000000000e+00 0.000000000000000000e+00 0.000000000000000000e+00 7.668583018376123883e-01 2.151272638213720256e+01 0.000000000000000000e+00 0.000000000000000000e+00
6.328059727156842200e+02 1.437989740428720298e+00 2.167252572297922314e-03 0.000000000000000000e+00 4.927107901224761499e-03 0.000000000000000000e+00 0.000000000000000000e+00 0.000000000000000000e+00 0.000000000000000000e+00 0.000000000000000000e+00 0.000000000000000000e+00 0.000000000000000000e+00 1.527053526180601084e+00 -3.624615488604492897e-01 0.000000000000000000e+00 -3.624615488604492897e-01 6.098191291704152528e-01 0.000000000000000000e+00 0.000000000000000000e+00 0.000000000000000000e+00 7.390534753224582420e-01 2.159944617152363122e+01 0.000000000000000000e+00 0.000000000000000000e+00
6.502331567162518695e+02 1.385632613236607469e+00 2.058446508135663554e-03 0.000000000000000000e+00 4.749457061989114694e-03 0.000000000000000000e+00 0.000000000000000000e+00 0.000000000000000000e+00 0.000000000000000000e+00 0.000000000000000000e+00 0.000000000000000000e+00 0.000000000000000000e+00 1.466456497929891079e+00 -3.451773881815468070e-01 0.000000000000000000e+00 -3.451773881815468070e-01 5.931216202088411826e-01 0.000000000000000000e+00 0.000000000000000000e+00 0.000000000000000000e+00 7.116266235418085007e-01 2.168376650255077465e+01 0.000000000000000000e+00 0.000000000000000000e+00
6.677823408589700875e+02 1.334083674451724377e+00 1.955254228360891848e-03 0.000000000000000000e+00 4.568539080411229691e-03 0.000000000000000000e+00 0.000000000000000000e+00 0.000000000000000000e+00 0.000000000000000000e+00 0.000000000000000000e+00 0.000000000000000000e+00 0.000000000000000000e+00 1.406873055588865995e+00 -3.278001710053731199e-01 0.000000000000000000e+00 -3.278001710053731199e-01 5.768080915287160382e-01 0.000000000000000000e+00 0.000000000000000000e+00 0.000000000000000000e+00 6.844154866678219262e-01 2.176553448413506686e+01 0.000000000000000000e+00 0.000000000000000000e+00
6.854474128556308870e+02 1.283438729066455064e+00 1.858292804016048721e-03 0.000000000000000000e+00 4.376380002994336577e-03 0.000000000000000000e+00 0.000000000000000000e+00 0.000000000000000000e+00 0.000000000000000000e+00 0.000000000000000000e+00 0.000000000000000000e+00 0.000000000000000000e+00 1.347892001169195941e+00 -3.104050240065527877e-01 0.000000000000000000e+00 -3.104050240065527877e-01 5.609679199986778997e-01 0.000000000000000000e+00 0.000000000000000000e+00 0.000000000000000000e+00 6.579422915427907137e-01 2.184454729185688393e+01 0.000000000000000000e+00 0.000000000000000000e+00
7.032222200548984574e+02 1.233824033964821210e+00 1.766803596511243128e-03 0.000000000000000000e+00 4.175116988670039483e-03 0.000000000000000000e+00 0.000000000000000000e+00 0.000000000000000000e+00 0.000000000000000000e+00 0.000000000000000000e+00 0.000000000000000000e+00 0.000000000000000000e+00 1.289503848556595944e+00 -2.929491422366122810e-01 0.000000000000000000e+00 -2.929491422366122810e-01 5.455787517357649774e-01 0.000000000000000000e+00 0.000000000000000000e+00 0.000000000000000000e+00 6.324639788236254834e-01 2.192056315113897469e+01 0.000000000000000000e+00 0.000000000000000000e+00
7.211005715852448930e+02 1.185458852823147780e+00 1.679597867272999197e-03 0.000000000000000000e+00 3.969034421432933446e-03 0.000000000000000000e+00 0.000000000000000000e+00 0.000000000000000000e+00 0.000000000000000000e+00 0.000000000000000000e+00 0.000000000000000000e+00 0.000000000000000000e+00 1.232205662870889951e+00 -2.754108759343911195e-01 0.000000000000000000e+00 -2.754108759343911195e-01 5.306683546761467030e-01 0.000000000000000000e+00 0.000000000000000000e+00 0.000000000000000000e+00 6.079552368542654461e-01 2.199335205039685803e+01 0.000000000000000000e+00 0.000000000000000000e+00
7.390762405111985345e+02 1.138391257178242855e+00 1.597938317985400734e-03 0.000000000000000000e+00 3.766171058311975923e-03 0.000000000000000000e+00 0.000000000000000000e+00 0.000000000000000000e+00 0.000000000000000000e+00 0.000000000000000000e+00 0.000000000000000000e+00 0.000000000000000000e+00 1.176101840213523930e+00 -2.576684931000721157e-01 0.000000000000000000e+00 -2.576684931000721157e-01 5.162826888952426474e-01 0.000000000000000000e+00 0.000000000000000000e+00 0.000000000000000000e+00 5.842810248356802294e-01 2.206287447653121703e+01 0.000000000000000000e+00 0.000000000000000000e+00
7.571429660021523205e+02 1.092914727356297355e+00 1.521934908702292193e-03 0.000000000000000000e+00 3.558130390940974531e-03 0.000000000000000000e+00 0.000000000000000000e+00 0.000000000000000000e+00 0.000000000000000000e+00 0.000000000000000000e+00 0.000000000000000000e+00 0.000000000000000000e+00 1.121556087914141076e+00 -2.397363887761105039e-01 0.000000000000000000e+00 -2.397363887761105039e-01 5.025274482285601030e-01 0.000000000000000000e+00 0.000000000000000000e+00 0.000000000000000000e+00 5.615857618235139403e-01 2.212904308614670157e+01 0.000000000000000000e+00 0.000000000000000000e+00
7.752944555129782884e+02 1.049494713521560207e+00 1.452051493812217889e-03 0.000000000000000000e+00 3.347449421573344547e-03 0.000000000000000000e+00 0.000000000000000000e+00 0.000000000000000000e+00 0.000000000000000000e+00 0.000000000000000000e+00 0.000000000000000000e+00 0.000000000000000000e+00 1.068959599272101046e+00 -2.217552828246603103e-01 0.000000000000000000e+00 -2.217552828246603103e-01 4.895298247972996175e-01 0.000000000000000000e+00 0.000000000000000000e+00 0.000000000000000000e+00 5.403381099049581193e-01 2.219171817234552435e+01 0.000000000000000000e+00 0.000000000000000000e+00
7.935243869756877757e+02 1.008231082762664155e+00 1.387147208390995031e-03 0.000000000000000000e+00 3.131615220860763625e-03 0.000000000000000000e+00 0.000000000000000000e+00 0.000000000000000000e+00 0.000000000000000000e+00 0.000000000000000000e+00 0.000000000000000000e+00 0.000000000000000000e+00 1.018331091988623038e+00 -2.037521555446636934e-01 0.000000000000000000e+00 -2.037521555446636934e-01 4.772678060231894115e-01 0.000000000000000000e+00 0.000000000000000000e+00 0.000000000000000000e+00 5.207017371947691986e-01 2.225077976149396974e+01 0.000000000000000000e+00 0.000000000000000000e+00
8.118264110013742538e+02 9.691574137710011749e-01 1.327010185075755064e-03 0.000000000000000000e+00 2.904548490976649813e-03 0.000000000000000000e+00 0.000000000000000000e+00 0.000000000000000000e+00 0.000000000000000000e+00 0.000000000000000000e+00 0.000000000000000000e+00 0.000000000000000000e+00 9.698121675421036425e-01 -1.856828335199328106e-01 0.000000000000000000e+00 -1.856828335199328106e-01 4.658565556732494062e-01 0.000000000000000000e+00 0.000000000000000000e+00 0.000000000000000000e+00 5.024817026521077867e-01 2.230603353973963721e+01 0.000000000000000000e+00 0.000000000000000000e+00
8.301941530916719785e+02 9.323987223758606335e-01 1.272611767127688510e-03 0.000000000000000000e+00 2.664774910019696713e-03 0.000000000000000000e+00 0.000000000000000000e+00 0.000000000000000000e+00 0.000000000000000000e+00 0.000000000000000000e+00 0.000000000000000000e+00 0.000000000000000000e+00 9.238929431519036228e-01 -1.675726831354915902e-01 0.000000000000000000e+00 -1.675726831354915902e-01 4.553730067620042066e-01 0.000000000000000000e+00 0.000000000000000000e+00 0.000000000000000000e+00 4.853346874174230274e-01 2.235720222117952005e+01 0.000000000000000000e+00 0.000000000000000000e+00
8.486212158589604542e+02 8.982700823450545657e-01 1.223197918470058342e-03 0.000000000000000000e+00 2.409952749675807037e-03 0.000000000000000000e+00 0.000000000000000000e+00 0.000000000000000000e+00 0.000000000000000000e+00 0.000000000000000000e+00 0.000000000000000000e+00 0.000000000000000000e+00 8.810577230534416548e-01 -1.494370094199738985e-01 0.000000000000000000e+00 -1.494370094199738985e-01 4.458279693266969934e-01 0.000000000000000000e+00 0.000000000000000000e+00 0.000000000000000000e+00 4.694339687259223015e-01 2.240397601624549040e+01 0.000000000000000000e+00 0.000000000000000000e+00
8.671011812545402790e+02 8.671243230648184586e-01 1.179389583741741665e-03 0.000000000000000000e+00 2.139752461729570350e-03 0.000000000000000000e+00 0.000000000000000000e+00 0.000000000000000000e+00 0.000000000000000000e+00 0.000000000000000000e+00 0.000000000000000000e+00 0.000000000000000000e+00 8.415850400545196175e-01 -1.313349121395313013e-01 0.000000000000000000e+00 -1.313349121395313013e-01 4.372780086042366010e-01 0.000000000000000000e+00 0.000000000000000000e+00 0.000000000000000000e+00 4.551354557844817239e-01 2.244603763989799106e+01 0.000000000000000000e+00 0.000000000000000000e+00
8.856276128040058211e+02 8.393635752252940341e-01 1.141019031285821000e-03 0.000000000000000000e+00 1.859544826316248799e-03 0.000000000000000000e+00 0.000000000000000000e+00 0.000000000000000000e+00 0.000000000000000000e+00 0.000000000000000000e+00 0.000000000000000000e+00 0.000000000000000000e+00 8.061940740141987360e-01 -1.131659317813761001e-01 0.000000000000000000e+00 -1.131659317813761001e-01 4.298101232182577891e-01 0.000000000000000000e+00 0.000000000000000000e+00 0.000000000000000000e+00 4.424357053062306089e-01 2.248308861905494282e+01 0.000000000000000000e+00 0.000000000000000000e+00
9.041940578490352891e+02 8.154445693317371457e-01 1.109062678546052314e-03 0.000000000000000000e+00 1.577634448526261772e-03 0.000000000000000000e+00 0.000000000000000000e+00 0.000000000000000000e+00 0.000000000000000000e+00 0.000000000000000000e+00 0.000000000000000000e+00 0.000000000000000000e+00 7.755981215816393215e-01 -9.483162655896945625e-02 0.000000000000000000e+00 -9.483162655896945625e-02 4.235002516215066182e-01 0.000000000000000000e+00 0.000000000000000000e+00 0.000000000000000000e+00 4.314857870735995249e-01 2.251499688862035953e+01 0.000000000000000000e+00 0.000000000000000000e+00
9.227940497948178518e+02 7.956095909073437333e-01 1.083086476777830572e-03 0.000000000000000000e+00 1.289623241001484118e-03 0.000000000000000000e+00 0.000000000000000000e+00 0.000000000000000000e+00 0.000000000000000000e+00 0.000000000000000000e+00 0.000000000000000000e+00 0.000000000000000000e+00 7.501200767711625472e-01 -7.640421253631317355e-02 0.000000000000000000e+00 -7.640421253631317355e-02 4.183383623213421942e-01 0.000000000000000000e+00 0.000000000000000000e+00 0.000000000000000000e+00 4.224538555199264800e-01 2.254167243887373928e+01 0.000000000000000000e+00 0.000000000000000000e+00
9.414211103623340477e+02 7.799646520253473714e-01 1.062594958466344958e-03 0.000000000000000000e+00 9.951167077640291243e-04 0.000000000000000000e+00 0.000000000000000000e+00 0.000000000000000000e+00 0.000000000000000000e+00 0.000000000000000000e+00 0.000000000000000000e+00 0.000000000000000000e+00 7.297444781864244057e-01 -5.795434920449202276e-02 0.000000000000000000e+00 -5.795434920449202276e-02 4.142865919252021745e-01 0.000000000000000000e+00 0.000000000000000000e+00 0.000000000000000000e+00 4.155741856412505930e-01 2.256296200337755309e+01 0.000000000000000000e+00 0.000000000000000000e+00
9.600687518447061848e+02 7.686264796873916172e-01 1.047603618760959386e-03 0.000000000000000000e+00 6.898228556551722415e-04 0.000000000000000000e+00 0.000000000000000000e+00 0.000000000000000000e+00 0.000000000000000000e+00 0.000000000000000000e+00 0.000000000000000000e+00 0.000000000000000000e+00 7.147549116642807343e-01 -3.958246432319177666e-02 0.000000000000000000e+00 -3.958246432319177666e-02 4.113916763986996128e-01 0.000000000000000000e+00 0.000000000000000000e+00 0.000000000000000000e+00 4.107884818780946912e-01 2.257869067450801737e+01 0.000000000000000000e+00 0.000000000000000000e+00
9.787304793668326965e+02 7.615564015212439308e-01 1.038355744664251623e-03 0.000000000000000000e+00 3.747294027049855925e-04 0.000000000000000000e+00 0.000000000000000000e+00 0.000000000000000000e+00 0.000000000000000000e+00 0.000000000000000000e+00 0.000000000000000000e+00 0.000000000000000000e+00 7.053529476181230606e-01 -2.128724286819021899e-02 0.000000000000000000e+00 -2.128724286819021899e-02 4.096577722645349806e-01 0.000000000000000000e+00 0.000000000000000000e+00 0.000000000000000000e+00 4.077928764434322062e-01 2.258863414221096022e+01 0.000000000000000000e+00 0.000000000000000000e+00
9.973997931475188352e+02 7.587981342534521056e-01 1.034837227414561397e-03 0.000000000000000000e+00 1.075717140718683573e-04 0.000000000000000000e+00 0.000000000000000000e+00 0.000000000000000000e+00 0.000000000000000000e+00 0.000000000000000000e+00 0.000000000000000000e+00 0.000000000000000000e+00 7.015401963929811524e-01 -3.039143288906542145e-03 0.000000000000000000e+00 -3.039143288906542145e-03 4.089860019337556163e-01 0.000000000000000000e+00 0.000000000000000000e+00 0.000000000000000000e+00 4.065963191133334931e-01 2.259252857864903064e+01 0.000000000000000000e+00 0.000000000000000000e+00
