y+, tke, epsilon, grad_u_11, grad_u_12, grad_u_13, grad_u_21, grad_u_22, grad_u_23, grad_u_31, grad_u_32, grad_u_33, uu_11, uu_12, uu_13, uu_21, uu_22, uu_23, uu_31, uu_32, uu_33, u_1, u_2, u_3
2.021587241307347903e-14 4.939437735206429414e-06 1.776632001621044343e-01 0.000000000000000000e+00 9.999710421313424691e-01 0.000000000000000000e+00 0.000000000000000000e+00 0.000000000000000000e+00 0.000000000000000000e+00 0.000000000000000000e+00 0.000000000000000000e+00 0.000000000000000000e+00 1.589292246274055017e-34 0.000000000000000000e+00 0.000000000000000000e+00 0.000000000000000000e+00 0.000000000000000000e+00 0.000000000000000000e+00 0.000000000000000000e+00 0.000000000000000000e+00 2.862807365832878170e-34 5.272636732103704732e-03 0.000000000000000000e+00 0.000000000000000000e+00
1.054557883895367032e-02 4.821550096304975518e-05 1.774101313863892249e-01 0.000000000000000000e+00 9.999093110173518095e-01 0.000000000000000000e+00 0.000000000000000000e+00 0.000000000000000000e+00 0.000000000000000000e+00 0.000000000000000000e+00 0.000000000000000000e+00 0.000000000000000000e+00 1.523861648546785067e-05 -8.884807685445174312e-10 0.000000000000000000e+00 -8.884807685445174312e-10 9.921444054028654427e-13 0.000000000000000000e+00 0.000000000000000000e+00 0.000000000000000000e+00 4.519133463213460360e-06 1.650892458440392577e-02 0.000000000000000000e+00 0.000000000000000000e+00
3.898567424427083761e-02 3.011509544185938278e-04 1.767309353967018715e-01 0.000000000000000000e+00 9.997394708354163662e-01 0.000000000000000000e+00 0.000000000000000000e+00 0.000000000000000000e+00 0.000000000000000000e+00 0.000000000000000000e+00 0.000000000000000000e+00 0.000000000000000000e+00 2.081908423874389896e-04 -4.496609804658739964e-08 0.000000000000000000e+00 -4.496609804658739964e-08 1.838486077114267097e-10 0.000000000000000000e+00 0.000000000000000000e+00 0.000000000000000000e+00 6.134422860142614683e-05 4.738911579022327819e-02 0.000000000000000000e+00 0.000000000000000000e+00
9.266416643727821978e-02 1.235844092041142768e-03 1.755512217883850590e-01 0.000000000000000000e+00 9.994297634442879108e-01 0.000000000000000000e+00 0.000000000000000000e+00 0.000000000000000000e+00 0.000000000000000000e+00 0.000000000000000000e+00 0.000000000000000000e+00 0.000000000000000000e+00 1.175434591648847910e-03 -6.057419558524182976e-07 0.000000000000000000e+00 -6.057419558524182976e-07 5.780802944012516667e-09 0.000000000000000000e+00 0.000000000000000000e+00 0.000000000000000000e+00 3.421723482814727972e-04 1.034839251931167770e-01 0.000000000000000000e+00 0.000000000000000000e+00
1.789178025409327022e-01 3.897773171609149843e-03 1.738111700200817844e-01 0.000000000000000000e+00 9.989353140821718435e-01 0.000000000000000000e+00 0.000000000000000000e+00 0.000000000000000000e+00 0.000000000000000000e+00 0.000000000000000000e+00 0.000000000000000000e+00 0.000000000000000000e+00 4.377914073883619819e-03 -4.382441321219609419e-06 0.000000000000000000e+00 -4.382441321219609419e-06 7.844260359894234279e-08 0.000000000000000000e+00 0.000000000000000000e+00 0.000000000000000000e+00 1.249924060188901953e-03 1.920957172305399474e-01 0.000000000000000000e+00 0.000000000000000000e+00
3.050741230036028151e-01 1.023793795845710265e-02 1.715215475872268192e-01 0.000000000000000000e+00 9.982007279998770244e-01 0.000000000000000000e+00 0.000000000000000000e+00 0.000000000000000000e+00 0.000000000000000000e+00 0.000000000000000000e+00 0.000000000000000000e+00 0.000000000000000000e+00 1.271217376573404931e-02 -2.188401568386097115e-05 0.000000000000000000e+00 -2.188401568386097115e-05 6.403494903955966691e-07 0.000000000000000000e+00 0.000000000000000000e+00 0.000000000000000000e+00 3.528295617021075161e-03 3.204857238983113144e-01 0.000000000000000000e+00 0.000000000000000000e+00
4.784493906250171791e-01 2.349691602495417031e-02 1.687639485628807390e-01 0.000000000000000000e+00 9.971438650186219554e-01 0.000000000000000000e+00 0.000000000000000000e+00 0.000000000000000000e+00 0.000000000000000000e+00 0.000000000000000000e+00 0.000000000000000000e+00 0.000000000000000000e+00 3.121804571121234925e-02 -8.522579081274766826e-05 0.000000000000000000e+00 -8.522579081274766826e-05 3.693668151353023086e-06 0.000000000000000000e+00 0.000000000000000000e+00 0.000000000000000000e+00 8.336862062457270697e-03 4.958516981417303571e-01 0.000000000000000000e+00 0.000000000000000000e+00
7.063465227694476489e-01 4.804245993282300897e-02 1.657019264272837078e-01 0.000000000000000000e+00 9.956506661928108404e-01 0.000000000000000000e+00 0.000000000000000000e+00 0.000000000000000000e+00 0.000000000000000000e+00 0.000000000000000000e+00 0.000000000000000000e+00 0.000000000000000000e+00 6.791548146777155737e-02 -2.774244412459999894e-04 0.000000000000000000e+00 -2.774244412459999894e-04 1.648997817997887132e-05 0.000000000000000000e+00 0.000000000000000000e+00 0.000000000000000000e+00 1.724981352970699974e-02 7.217972627444930733e-01 0.000000000000000000e+00 0.000000000000000000e+00
9.855074485118558991e-01 8.927244333112339947e-02 1.624927821874339318e-01 0.000000000000000000e+00 9.935329536335579803e-01 0.000000000000000000e+00 0.000000000000000000e+00 0.000000000000000000e+00 0.000000000000000000e+00 0.000000000000000000e+00 0.000000000000000000e+00 0.000000000000000000e+00 1.319161704504517030e-01 -7.627739716400079367e-04 0.000000000000000000e+00 -7.627739716400079367e-04 5.795691676026455008e-05 0.000000000000000000e+00 0.000000000000000000e+00 0.000000000000000000e+00 3.154024581224654927e-02 9.993599799290977526e-01 0.000000000000000000e+00 0.000000000000000000e+00
1.315853268928576902e+00 1.532313600365771411e-01 1.592160108745447888e-01 0.000000000000000000e+00 9.904854461645624664e-01 0.000000000000000000e+00 0.000000000000000000e+00 0.000000000000000000e+00 0.000000000000000000e+00 0.000000000000000000e+00 0.000000000000000000e+00 0.000000000000000000e+00 2.344859287599062869e-01 -1.836236682518294040e-03 0.000000000000000000e+00 -1.836236682518294040e-03 1.687048527313747049e-04 0.000000000000000000e+00 0.000000000000000000e+00 0.000000000000000000e+00 5.228386821898568793e-02 1.326952379988116659e+00 0.000000000000000000e+00 0.000000000000000000e+00
1.697290618769450088e+00 2.465045084858606406e-01 1.557904769630347741e-01 0.000000000000000000e+00 9.860203941195675448e-01 0.000000000000000000e+00 0.000000000000000000e+00 0.000000000000000000e+00 0.000000000000000000e+00 0.000000000000000000e+00 0.000000000000000000e+00 0.000000000000000000e+00 3.883935199435281094e-01 -3.972620854001036178e-03 0.000000000000000000e+00 -3.972620854001036178e-03 4.226253423479955874e-04 0.000000000000000000e+00 0.000000000000000000e+00 0.000000000000000000e+00 8.011913992250492556e-02 1.703761389905040780e+00 0.000000000000000000e+00 0.000000000000000000e+00
2.129711692845489779e+00 3.756571303767742287e-01 1.520188796673945519e-01 0.000000000000000000e+00 9.794415133050464739e-01 0.000000000000000000e+00 0.000000000000000000e+00 0.000000000000000000e+00 0.000000000000000000e+00 0.000000000000000000e+00 0.000000000000000000e+00 0.000000000000000000e+00 6.070607488327138812e-01 -7.866125207985527959e-03 0.000000000000000000e+00 -7.866125207985527959e-03 9.375299630725356624e-04 0.000000000000000000e+00 0.000000000000000000e+00 0.000000000000000000e+00 1.151549850793733010e-01 2.128520137952525815e+00 0.000000000000000000e+00 0.000000000000000000e+00
2.612994276497791812e+00 5.464409640322900330e-01 1.476758048727285777e-01 0.000000000000000000e+00 9.698453127444616184e-01 0.000000000000000000e+00 0.000000000000000000e+00 0.000000000000000000e+00 0.000000000000000000e+00 0.000000000000000000e+00 0.000000000000000000e+00 0.000000000000000000e+00 9.030042061102461215e-01 -1.443729770925802035e-02 0.000000000000000000e+00 -1.443729770925802035e-02 1.881702252633988019e-03 0.000000000000000000e+00 0.000000000000000000e+00 0.000000000000000000e+00 1.569683248142247078e-01 2.599286654157480392e+00 0.000000000000000000e+00 0.000000000000000000e+00
3.147001780138932947e+00 7.626998234758297635e-01 1.426437892878105185e-01 0.000000000000000000e+00 9.561766364813508723e-01 0.000000000000000000e+00 0.000000000000000000e+00 0.000000000000000000e+00 0.000000000000000000e+00 0.000000000000000000e+00 0.000000000000000000e+00 0.000000000000000000e+00 1.285473960840100016e+00 -2.478251412511735946e-02 0.000000000000000000e+00 -2.478251412511735946e-02 3.474013279730352784e-03 0.000000000000000000e+00 0.000000000000000000e+00 0.000000000000000000e+00 2.046903130216458089e-01 3.113186419455715281e+00 0.000000000000000000e+00 0.000000000000000000e+00
3.731583277857001946e+00 1.025120682701242902e+00 1.370413132705474435e-01 0.000000000000000000e+00 9.373487217976510522e-01 0.000000000000000000e+00 0.000000000000000000e+00 0.000000000000000000e+00 0.000000000000000000e+00 0.000000000000000000e+00 0.000000000000000000e+00 0.000000000000000000e+00 1.757566875461421985e+00 -4.005098962873516327e-02 0.000000000000000000e+00 -4.005098962873516327e-02 5.976855537301548407e-03 0.000000000000000000e+00 0.000000000000000000e+00 0.000000000000000000e+00 2.571626895376742938e-01 3.666163523022801130e+00 0.000000000000000000e+00 0.000000000000000000e+00
4.366573550071814580e+00 1.330157653557624720e+00 1.312656571739822253e-01 0.000000000000000000e+00 9.124168730644147685e-01 0.000000000000000000e+00 0.000000000000000000e+00 0.000000000000000000e+00 0.000000000000000000e+00 0.000000000000000000e+00 0.000000000000000000e+00 0.000000000000000000e+00 2.313568707715155881e+00 -6.125843160568498341e-02 0.000000000000000000e+00 -6.125843160568498341e-02 9.682968084469854853e-03 0.000000000000000000e+00 0.000000000000000000e+00 0.000000000000000000e+00 3.131277127299585961e-01 4.252806008662778581e+00 0.000000000000000000e+00 0.000000000000000000e+00
5.051793130230531226e+00 1.669544189071878293e+00 1.259052192019135541e-01 0.000000000000000000e+00 8.807705058609430759e-01 0.000000000000000000e+00 0.000000000000000000e+00 0.000000000000000000e+00 0.000000000000000000e+00 0.000000000000000000e+00 0.000000000000000000e+00 0.000000000000000000e+00 2.937557397533011816e+00 -8.907606121285618905e-02 0.000000000000000000e+00 -8.907606121285618905e-02 1.489855746534438953e-02 0.000000000000000000e+00 0.000000000000000000e+00 0.000000000000000000e+00 3.714041572814114067e-01 4.866315270854237873e+00 0.000000000000000000e+00 0.000000000000000000e+00
5.787048355530206578e+00 2.030708478963643593e+00 1.215489091048996828e-01 0.000000000000000000e+00 8.422931501744914673e-01 0.000000000000000000e+00 0.000000000000000000e+00 0.000000000000000000e+00 0.000000000000000000e+00 0.000000000000000000e+00 0.000000000000000000e+00 0.000000000000000000e+00 3.604094177442274116e+00 -1.236529479789240937e-01 0.000000000000000000e+00 -1.236529479789240937e-01 2.192549761620866955e-02 0.000000000000000000e+00 0.000000000000000000e+00 0.000000000000000000e+00 4.310059585634368751e-01 5.498669024752420142e+00 0.000000000000000000e+00 0.000000000000000000e+00
6.572131421652430028e+00 2.398127713337615763e+00 1.185824144655665269e-01 0.000000000000000000e+00 7.974433949259212007e-01 0.000000000000000000e+00 0.000000000000000000e+00 0.000000000000000000e+00 0.000000000000000000e+00 0.000000000000000000e+00 0.000000000000000000e+00 0.000000000000000000e+00 4.281139627992105012e+00 -1.645259902406628894e-01 0.000000000000000000e+00 -1.645259902406628894e-01 3.104477751788730158e-02 0.000000000000000000e+00 0.000000000000000000e+00 0.000000000000000000e+00 4.911807223701867842e-01 6.140984944919948063e+00 0.000000000000000000e+00 0.000000000000000000e+00
7.406820441494813778e+00 2.755326282123160109e+00 1.170665607273010667e-01 0.000000000000000000e+00 7.472316715859446123e-01 0.000000000000000000e+00 0.000000000000000000e+00 0.000000000000000000e+00 0.000000000000000000e+00 0.000000000000000000e+00 0.000000000000000000e+00 0.000000000000000000e+00 4.934499454073811187e+00 -2.106457367971547867e-01 0.000000000000000000e+00 -2.106457367971547867e-01 4.250216402924678755e-02 0.000000000000000000e+00 0.000000000000000000e+00 0.000000000000000000e+00 5.513739004205424621e-01 6.784041224578476914e+00 0.000000000000000000e+00 0.000000000000000000e+00
8.290879507882680244e+00 3.087006561863506082e+00 1.167422598851806381e-01 0.000000000000000000e+00 6.930987045646410660e-01 0.000000000000000000e+00 0.000000000000000000e+00 0.000000000000000000e+00 0.000000000000000000e+00 0.000000000000000000e+00 0.000000000000000000e+00 0.000000000000000000e+00 5.532573639845174363e+00 -2.605101038780336942e-01 0.000000000000000000e+00 -2.605101038780336942e-01 5.649592472004494326e-02 0.000000000000000000e+00 0.000000000000000000e+00 0.000000000000000000e+00 6.111474817699646955e-01 7.418869584653609905e+00 0.000000000000000000e+00 0.000000000000000000e+00
9.224058760243272204e+00 3.380794604572743278e+00 1.171401864156214334e-01 0.000000000000000000e+00 6.367283384602130392e-01 0.000000000000000000e+00 0.000000000000000000e+00 0.000000000000000000e+00 0.000000000000000000e+00 0.000000000000000000e+00 0.000000000000000000e+00 0.000000000000000000e+00 6.050190367179159701e+00 -3.123678937631095276e-01 0.000000000000000000e+00 -3.123678937631095276e-01 7.316598711069011163e-02 0.000000000000000000e+00 0.000000000000000000e+00 0.000000000000000000e+00 6.700904520324049152e-01 8.037319953444637122e+00 0.000000000000000000e+00 0.000000000000000000e+00
1.020609445522345915e+01 3.628264324174962141e+00 1.177326006735492647e-01 0.000000000000000000e+00 5.798407879118050445e-01 0.000000000000000000e+00 0.000000000000000000e+00 0.000000000000000000e+00 0.000000000000000000e+00 0.000000000000000000e+00 0.000000000000000000e+00 0.000000000000000000e+00 6.470767249397223253e+00 -3.644404601041660863e-01 0.000000000000000000e+00 -3.644404601041660863e-01 9.258423460511953917e-02 0.000000000000000000e+00 0.000000000000000000e+00 0.000000000000000000e+00 7.277522907766806881e-01 8.632507982160307236e+00 0.000000000000000000e+00 0.000000000000000000e+00
1.123670904123138037e+01 3.825165202397967867e+00 1.180638440153201907e-01 0.000000000000000000e+00 5.240099541548450812e-01 0.000000000000000000e+00 0.000000000000000000e+00 0.000000000000000000e+00 0.000000000000000000e+00 0.000000000000000000e+00 0.000000000000000000e+00 0.000000000000000000e+00 6.786672212006109817e+00 -4.151141817981358062e-01 0.000000000000000000e+00 -4.151141817981358062e-01 1.147464080104717982e-01 0.000000000000000000e+00 0.000000000000000000e+00 0.000000000000000000e+00 7.836167439319144945e-01 9.199089893888244163e+00 0.000000000000000000e+00 0.000000000000000000e+00
1.231561123688027060e+01 3.971001295044270130e+00 1.178232116311931643e-01 0.000000000000000000e+00 4.705345750609863931e-01 0.000000000000000000e+00 0.000000000000000000e+00 0.000000000000000000e+00 0.000000000000000000e+00 0.000000000000000000e+00 0.000000000000000000e+00 0.000000000000000000e+00 6.998169300065741005e+00 -4.630725617252414161e-01 0.000000000000000000e+00 -4.630725617252414161e-01 1.395668125823061878e-01 0.000000000000000000e+00 0.000000000000000000e+00 0.000000000000000000e+00 8.371159630122438911e-01 9.733350965182866688e+00 0.000000000000000000e+00 0.000000000000000000e+00
1.344249611331325944e+01 4.068223243672343337e+00 1.168574743037421315e-01 0.000000000000000000e+00 4.203745528982596458e-01 0.000000000000000000e+00 0.000000000000000000e+00 0.000000000000000000e+00 0.000000000000000000e+00 0.000000000000000000e+00 0.000000000000000000e+00 0.000000000000000000e+00 7.111571191330707364e+00 -5.073569591904076859e-01 0.000000000000000000e+00 -5.073569591904076859e-01 1.668773391292721064e-01 0.000000000000000000e+00 0.000000000000000000e+00 0.000000000000000000e+00 8.876718001968574301e-01 1.023313123766078903e+01 0.000000000000000000e+00 0.000000000000000000e+00
1.461704518038481915e+01 4.121296529519780094e+00 1.151430779816138700e-01 0.000000000000000000e+00 3.741467080542975054e-01 0.000000000000000000e+00 0.000000000000000000e+00 0.000000000000000000e+00 0.000000000000000000e+00 0.000000000000000000e+00 0.000000000000000000e+00 0.000000000000000000e+00 7.137185486976591164e+00 -5.473635479152128003e-01 0.000000000000000000e+00 -5.473635479152128003e-01 1.964317512793432863e-01 0.000000000000000000e+00 0.000000000000000000e+00 0.000000000000000000e+00 9.347498174610019417e-01 1.069763579081817539e+01 0.000000000000000000e+00 0.000000000000000000e+00
1.583892647667541986e+01 4.135840731978301932e+00 1.127427340978710557e-01 0.000000000000000000e+00 3.321624762692185207e-01 0.000000000000000000e+00 0.000000000000000000e+00 0.000000000000000000e+00 0.000000000000000000e+00 0.000000000000000000e+00 0.000000000000000000e+00 0.000000000000000000e+00 7.087461053574458880e+00 -5.827977012925378286e-01 0.000000000000000000e+00 -5.827977012925378286e-01 2.279146587621944109e-01 0.000000000000000000e+00 0.000000000000000000e+00 0.000000000000000000e+00 9.779160784082548963e-01 1.112718339515147292e+01 0.000000000000000000e+00 0.000000000000000000e+00
1.710779466331326049e+01 4.117944107505467244e+00 1.097634172289001647e-01 0.000000000000000000e+00 2.944865427645239064e-01 0.000000000000000000e+00 0.000000000000000000e+00 0.000000000000000000e+00 0.000000000000000000e+00 0.000000000000000000e+00 0.000000000000000000e+00 0.000000000000000000e+00 6.975545685815460750e+00 -6.136109637722089172e-01 0.000000000000000000e+00 -6.136109637722089172e-01 2.609533892848973080e-01 0.000000000000000000e+00 0.000000000000000000e+00 0.000000000000000000e+00 1.016886470307611035e+00 1.152293917200514528e+01 0.000000000000000000e+00 0.000000000000000000e+00
1.842329112157710824e+01 4.073675930159248892e+00 1.063241733540588596e-01 0.000000000000000000e+00 2.609997475461742211e-01 0.000000000000000000e+00 0.000000000000000000e+00 0.000000000000000000e+00 0.000000000000000000e+00 0.000000000000000000e+00 0.000000000000000000e+00 0.000000000000000000e+00 6.814305655229990322e+00 -6.399377923894832287e-01 0.000000000000000000e+00 -6.399377923894832287e-01 2.951317284516912776e-01 0.000000000000000000e+00 0.000000000000000000e+00 0.000000000000000000e+00 1.051549925198250968e+00 1.188666190017519853e+01 0.000000000000000000e+00 0.000000000000000000e+00
1.978504405425227120e+01 4.008764069368428551e+00 1.025357085162801885e-01 0.000000000000000000e+00 2.314575880819907394e-01 0.000000000000000000e+00 0.000000000000000000e+00 0.000000000000000000e+00 0.000000000000000000e+00 0.000000000000000000e+00 0.000000000000000000e+00 0.000000000000000000e+00 6.615725504926781575e+00 -6.620379318499212129e-01 0.000000000000000000e+00 -6.620379318499212129e-01 3.300060469979135824e-01 0.000000000000000000e+00 0.000000000000000000e+00 0.000000000000000000e+00 1.081951174742894928e+00 1.222048328489140268e+01 0.000000000000000000e+00 0.000000000000000000e+00
2.119266859071105102e+01 3.928386324133225305e+00 9.849343344528109501e-02 0.000000000000000000e+00 2.055411827153450777e-01 0.000000000000000000e+00 0.000000000000000000e+00 0.000000000000000000e+00 0.000000000000000000e+00 0.000000000000000000e+00 0.000000000000000000e+00 0.000000000000000000e+00 6.390540369254427588e+00 -6.802449975302706786e-01 0.000000000000000000e+00 -6.802449975302706786e-01 3.651238428040604056e-01 0.000000000000000000e+00 0.000000000000000000e+00 0.000000000000000000e+00 1.108250168604558050e+00 1.252672838846743630e+01 0.000000000000000000e+00 0.000000000000000000e+00
2.264576689568853141e+01 3.837045385453463187e+00 9.428022094429504285e-02 0.000000000000000000e+00 1.828986430632347504e-01 0.000000000000000000e+00 0.000000000000000000e+00 0.000000000000000000e+00 0.000000000000000000e+00 0.000000000000000000e+00 0.000000000000000000e+00 0.000000000000000000e+00 6.147999332392456218e+00 -6.949229934765892569e-01 0.000000000000000000e+00 -6.949229934765892569e-01 4.000422376135963076e-01 0.000000000000000000e+00 0.000000000000000000e+00 0.000000000000000000e+00 1.130679267462660897e+00 1.280778065507742269e+01 0.000000000000000000e+00 0.000000000000000000e+00
2.414392828172205085e+01 3.738523034669601230e+00 8.996915637314145675e-02 0.000000000000000000e+00 1.631749439551858083e-01 0.000000000000000000e+00 0.000000000000000000e+00 0.000000000000000000e+00 0.000000000000000000e+00 0.000000000000000000e+00 0.000000000000000000e+00 0.000000000000000000e+00 5.895781947952611901e+00 -7.064358337372721452e-01 0.000000000000000000e+00 -7.064358337372721452e-01 4.343428110358217853e-01 0.000000000000000000e+00 0.000000000000000000e+00 0.000000000000000000e+00 1.149512335600586965e+00 1.306598871549439522e+01 0.000000000000000000e+00 0.000000000000000000e+00
2.568672932522346031e+01 3.635901395642950007e+00 8.562194522863335322e-02 0.000000000000000000e+00 1.460308314225166049e-01 0.000000000000000000e+00 0.000000000000000000e+00 0.000000000000000000e+00 0.000000000000000000e+00 0.000000000000000000e+00 0.000000000000000000e+00 0.000000000000000000e+00 5.640075490842833439e+00 -7.151302747594200371e-01 0.000000000000000000e+00 -7.151302747594200371e-01 4.676414979150602114e-01 0.000000000000000000e+00 0.000000000000000000e+00 0.000000000000000000e+00 1.165063287201983044e+00 1.330360721059325613e+01 0.000000000000000000e+00 0.000000000000000000e+00
2.727373398615081967e+01 3.531614537814586452e+00 8.128888301643477643e-02 0.000000000000000000e+00 1.311534852357923442e-01 0.000000000000000000e+00 0.000000000000000000e+00 0.000000000000000000e+00 0.000000000000000000e+00 0.000000000000000000e+00 0.000000000000000000e+00 0.000000000000000000e+00 5.385713819720551854e+00 -7.213258879891670805e-01 0.000000000000000000e+00 -7.213258879891670805e-01 4.995950669946094269e-01 0.000000000000000000e+00 0.000000000000000000e+00 0.000000000000000000e+00 1.177682116593643968e+00 1.352276311391467090e+01 0.000000000000000000e+00 0.000000000000000000e+00
2.890449373124580035e+01 3.427503376492716303e+00 7.701452081905599267e-02 0.000000000000000000e+00 1.182606312630076206e-01 0.000000000000000000e+00 0.000000000000000000e+00 0.000000000000000000e+00 0.000000000000000000e+00 0.000000000000000000e+00 0.000000000000000000e+00 0.000000000000000000e+00 5.136310662215882950e+00 -7.253071180724344202e-01 0.000000000000000000e+00 -7.253071180724344202e-01 5.299066871334678908e-01 0.000000000000000000e+00 0.000000000000000000e+00 0.000000000000000000e+00 1.187698598269486983e+00 1.372543969746727122e+01 0.000000000000000000e+00 0.000000000000000000e+00
3.057854766080222930e+01 3.324884850513619927e+00 7.284014233675707717e-02 0.000000000000000000e+00 1.070987401691939483e-01 0.000000000000000000e+00 0.000000000000000000e+00 0.000000000000000000e+00 0.000000000000000000e+00 0.000000000000000000e+00 0.000000000000000000e+00 0.000000000000000000e+00 4.894432578056702177e+00 -7.273216287106403222e-01 0.000000000000000000e+00 -7.273216287106403222e-01 5.583308932665647095e-01 0.000000000000000000e+00 0.000000000000000000e+00 0.000000000000000000e+00 1.195349836705390079e+00 1.391346947858702521e+01 0.000000000000000000e+00 0.000000000000000000e+00
3.229542263892948739e+01 3.224650209715299809e+00 6.880037016849249731e-02 0.000000000000000000e+00 9.743825124752578115e-02 0.000000000000000000e+00 0.000000000000000000e+00 0.000000000000000000e+00 0.000000000000000000e+00 0.000000000000000000e+00 0.000000000000000000e+00 0.000000000000000000e+00 4.661828881251392609e+00 -7.275851163762948604e-01 0.000000000000000000e+00 -7.275851163762948604e-01 5.846738352501642533e-01 0.000000000000000000e+00 0.000000000000000000e+00 0.000000000000000000e+00 1.200777130932668024e+00 1.408852825838293654e+01 0.000000000000000000e+00 0.000000000000000000e+00
3.405463342727446729e+01 3.127382383645552544e+00 6.491948729854524203e-02 0.000000000000000000e+00 8.907073517406122187e-02 0.000000000000000000e+00 0.000000000000000000e+00 0.000000000000000000e+00 0.000000000000000000e+00 0.000000000000000000e+00 0.000000000000000000e+00 0.000000000000000000e+00 4.439651683136094817e+00 -7.262894066615304123e-01 0.000000000000000000e+00 -7.262894066615304123e-01 6.087874505136930958e-01 0.000000000000000000e+00 0.000000000000000000e+00 0.000000000000000000e+00 1.204068969179129978e+00 1.425212856431824093e+01 0.000000000000000000e+00 0.000000000000000000e+00
3.585568282216392788e+01 3.033460533888159283e+00 6.121233425307291698e-02 0.000000000000000000e+00 8.181000343448342760e-02 0.000000000000000000e+00 0.000000000000000000e+00 0.000000000000000000e+00 0.000000000000000000e+00 0.000000000000000000e+00 0.000000000000000000e+00 0.000000000000000000e+00 4.228636977908869277e+00 -7.236096943451599817e-01 0.000000000000000000e+00 -7.236096943451599817e-01 6.305627855194599896e-01 0.000000000000000000e+00 0.000000000000000000e+00 0.000000000000000000e+00 1.205306588181846106e+00 1.440561733966853808e+01 0.000000000000000000e+00 0.000000000000000000e+00
3.769806179512845290e+01 2.943127059442058879e+00 5.768883763936645537e-02 0.000000000000000000e+00 7.549533758504814451e-02 0.000000000000000000e+00 0.000000000000000000e+00 0.000000000000000000e+00 0.000000000000000000e+00 0.000000000000000000e+00 0.000000000000000000e+00 0.000000000000000000e+00 4.029219604518537778e+00 -7.197078748144098981e-01 0.000000000000000000e+00 -7.197078748144098981e-01 6.499254067700019899e-01 0.000000000000000000e+00 0.000000000000000000e+00 0.000000000000000000e+00 1.204603737601326996e+00 1.455018359165427100e+01 0.000000000000000000e+00 0.000000000000000000e+00
3.958124963676868902e+01 2.856523583582340819e+00 5.435502638242177553e-02 0.000000000000000000e+00 6.999151356995704509e-02 0.000000000000000000e+00 0.000000000000000000e+00 0.000000000000000000e+00 0.000000000000000000e+00 0.000000000000000000e+00 0.000000000000000000e+00 0.000000000000000000e+00 3.841563803636606877e+00 -7.147279291274065693e-01 0.000000000000000000e+00 -7.147279291274065693e-01 6.668335126971232096e-01 0.000000000000000000e+00 0.000000000000000000e+00 0.000000000000000000e+00 1.202109939818581053e+00 1.468687555143658230e+01 0.000000000000000000e+00 0.000000000000000000e+00
4.150471410392277960e+01 2.773704950756928689e+00 5.121232975243106278e-02 0.000000000000000000e+00 6.518539663822647823e-02 0.000000000000000000e+00 0.000000000000000000e+00 0.000000000000000000e+00 0.000000000000000000e+00 0.000000000000000000e+00 0.000000000000000000e+00 0.000000000000000000e+00 3.665649442662426871e+00 -7.087933055330145615e-01 0.000000000000000000e+00 -7.087933055330145615e-01 6.812802420727613883e-01 0.000000000000000000e+00 0.000000000000000000e+00 0.000000000000000000e+00 1.197955811716675090e+00 1.481661975765577388e+01 0.000000000000000000e+00 0.000000000000000000e+00
4.346791157009366202e+01 2.694634201745332192e+00 4.825944754471073184e-02 0.000000000000000000e+00 6.098143738163523675e-02 0.000000000000000000e+00 0.000000000000000000e+00 0.000000000000000000e+00 0.000000000000000000e+00 0.000000000000000000e+00 0.000000000000000000e+00 0.000000000000000000e+00 3.501305697092414793e+00 -7.020102624213523379e-01 0.000000000000000000e+00 -7.020102624213523379e-01 6.932974199372343715e-01 0.000000000000000000e+00 0.000000000000000000e+00 0.000000000000000000e+00 1.192233834907749923e+00 1.494023779310974298e+01 0.000000000000000000e+00 0.000000000000000000e+00
4.547028717909350348e+01 2.619181495518179581e+00 4.549152300765814394e-02 0.000000000000000000e+00 5.729749118355985382e-02 0.000000000000000000e+00 0.000000000000000000e+00 0.000000000000000000e+00 0.000000000000000000e+00 0.000000000000000000e+00 0.000000000000000000e+00 0.000000000000000000e+00 3.348114353008087907e+00 -6.944656354504497031e-01 0.000000000000000000e+00 -6.944656354504497031e-01 7.029544980163210388e-01 0.000000000000000000e+00 0.000000000000000000e+00 0.000000000000000000e+00 1.185013911058321101e+00 1.505845834591002941e+01 0.000000000000000000e+00 0.000000000000000000e+00
4.751127500186213126e+01 2.547130840180061639e+00 4.290325100346924908e-02 0.000000000000000000e+00 5.406229666710586634e-02 0.000000000000000000e+00 0.000000000000000000e+00 0.000000000000000000e+00 0.000000000000000000e+00 0.000000000000000000e+00 0.000000000000000000e+00 0.000000000000000000e+00 3.205494932430395849e+00 -6.862357308376866305e-01 0.000000000000000000e+00 -6.862357308376866305e-01 7.103538944888320161e-01 0.000000000000000000e+00 0.000000000000000000e+00 0.000000000000000000e+00 1.176320432169720931e+00 1.517192614577675158e+01 0.000000000000000000e+00 0.000000000000000000e+00
4.959029819641487080e+01 2.478213612632468088e+00 4.048571633346594034e-02 0.000000000000000000e+00 5.121286146837225606e-02 0.000000000000000000e+00 0.000000000000000000e+00 0.000000000000000000e+00 0.000000000000000000e+00 0.000000000000000000e+00 0.000000000000000000e+00 0.000000000000000000e+00 3.072772076009126163e+00 -6.773922188701497760e-01 0.000000000000000000e+00 -6.773922188701497760e-01 7.156266546489502556e-01 0.000000000000000000e+00 0.000000000000000000e+00 0.000000000000000000e+00 1.166134289250615907e+00 1.528120835473718131e+01 0.000000000000000000e+00 0.000000000000000000e+00
5.170676917087474322e+01 2.412145406563070971e+00 3.822713169502236358e-02 0.000000000000000000e+00 4.869420324657508514e-02 0.000000000000000000e+00 0.000000000000000000e+00 0.000000000000000000e+00 0.000000000000000000e+00 0.000000000000000000e+00 0.000000000000000000e+00 0.000000000000000000e+00 2.949169988986604984e+00 -6.680053779441206263e-01 0.000000000000000000e+00 -6.680053779441206263e-01 7.189229668705404697e-01 0.000000000000000000e+00 0.000000000000000000e+00 0.000000000000000000e+00 1.154486440940021952e+00 1.538679962085806352e+01 0.000000000000000000e+00 0.000000000000000000e+00
5.386008974954277306e+01 2.348647575261200604e+00 3.611504984070897095e-02 0.000000000000000000e+00 4.645995272355198102e-02 0.000000000000000000e+00 0.000000000000000000e+00 0.000000000000000000e+00 0.000000000000000000e+00 0.000000000000000000e+00 0.000000000000000000e+00 0.000000000000000000e+00 2.833846995605930008e+00 -6.581354263583181208e-01 0.000000000000000000e+00 -6.581354263583181208e-01 7.203969833535174283e-01 0.000000000000000000e+00 0.000000000000000000e+00 0.000000000000000000e+00 1.141516043713121986e+00 1.548913021248043265e+01 0.000000000000000000e+00 0.000000000000000000e+00
5.604965134195975907e+01 2.287456929424227070e+00 3.413946329549896741e-02 0.000000000000000000e+00 4.447239717564646644e-02 0.000000000000000000e+00 0.000000000000000000e+00 0.000000000000000000e+00 0.000000000000000000e+00 0.000000000000000000e+00 0.000000000000000000e+00 0.000000000000000000e+00 2.725979006464188004e+00 -6.478250689458996403e-01 0.000000000000000000e+00 -6.478250689458996403e-01 7.201967935939481702e-01 0.000000000000000000e+00 0.000000000000000000e+00 0.000000000000000000e+00 1.127370232039335951e+00 1.558857630695825591e+01 0.000000000000000000e+00 0.000000000000000000e+00
5.827483511491153223e+01 2.228334520545869335e+00 3.229421953704482429e-02 0.000000000000000000e+00 4.270108638936186141e-02 0.000000000000000000e+00 0.000000000000000000e+00 0.000000000000000000e+00 0.000000000000000000e+00 0.000000000000000000e+00 0.000000000000000000e+00 0.000000000000000000e+00 2.624840453021476172e+00 -6.371120844462484500e-01 0.000000000000000000e+00 -6.371120844462484500e-01 7.184637572275535122e-01 0.000000000000000000e+00 0.000000000000000000e+00 0.000000000000000000e+00 1.112131311526296074e+00 1.568547136770838080e+01 0.000000000000000000e+00 0.000000000000000000e+00
6.053501216732890811e+01 2.171082730209586309e+00 3.057199167053355551e-02 0.000000000000000000e+00 4.111758989100919998e-02 0.000000000000000000e+00 0.000000000000000000e+00 0.000000000000000000e+00 0.000000000000000000e+00 0.000000000000000000e+00 0.000000000000000000e+00 0.000000000000000000e+00 2.529848613407041036e+00 -6.260368152440212164e-01 0.000000000000000000e+00 -6.260368152440212164e-01 7.153312543391987521e-01 0.000000000000000000e+00 0.000000000000000000e+00 0.000000000000000000e+00 1.095845701656182891e+00 1.578011131903403808e+01 0.000000000000000000e+00 0.000000000000000000e+00
6.282954370803339117e+01 2.115549860938914506e+00 2.896255472389420993e-02 0.000000000000000000e+00 3.969087688098445199e-02 0.000000000000000000e+00 0.000000000000000000e+00 0.000000000000000000e+00 0.000000000000000000e+00 0.000000000000000000e+00 0.000000000000000000e+00 0.000000000000000000e+00 2.440567649693122121e+00 -6.146429173809310198e-01 0.000000000000000000e+00 -6.146429173809310198e-01 7.109229884637170427e-01 0.000000000000000000e+00 0.000000000000000000e+00 0.000000000000000000e+00 1.078544651922932918e+00 1.587274829050887170e+01 0.000000000000000000e+00 0.000000000000000000e+00
6.515778123627788432e+01 2.061615453121955266e+00 2.745378019383977117e-02 0.000000000000000000e+00 3.838775567968261138e-02 0.000000000000000000e+00 0.000000000000000000e+00 0.000000000000000000e+00 0.000000000000000000e+00 0.000000000000000000e+00 0.000000000000000000e+00 0.000000000000000000e+00 2.356563806920857207e+00 -6.029731175551688027e-01 0.000000000000000000e+00 -6.029731175551688027e-01 7.053598573623027779e-01 0.000000000000000000e+00 0.000000000000000000e+00 0.000000000000000000e+00 1.060314641868135066e+00 1.596357913411750040e+01 0.000000000000000000e+00 0.000000000000000000e+00
6.751906672503174889e+01 2.009165492334818559e+00 2.603593000614337974e-02 0.000000000000000000e+00 3.717978883569395682e-02 0.000000000000000000e+00 0.000000000000000000e+00 0.000000000000000000e+00 0.000000000000000000e+00 0.000000000000000000e+00 0.000000000000000000e+00 0.000000000000000000e+00 2.277335794242842937e+00 -5.910654222816101866e-01 0.000000000000000000e+00 -5.910654222816101866e-01 6.987640949894653453e-01 0.000000000000000000e+00 0.000000000000000000e+00 0.000000000000000000e+00 1.041319233268358957e+00 1.605274282240661066e+01 0.000000000000000000e+00 0.000000000000000000e+00
6.991273280695820347e+01 1.958079790180558000e+00 2.470430874047210845e-02 0.000000000000000000e+00 3.604987995739600964e-02 0.000000000000000000e+00 0.000000000000000000e+00 0.000000000000000000e+00 0.000000000000000000e+00 0.000000000000000000e+00 0.000000000000000000e+00 0.000000000000000000e+00 2.202380896558433054e+00 -5.789535263668482701e-01 0.000000000000000000e+00 -5.789535263668482701e-01 6.912567491742523940e-01 0.000000000000000000e+00 0.000000000000000000e+00 0.000000000000000000e+00 1.021697879624267058e+00 1.614033652569010258e+01 0.000000000000000000e+00 0.000000000000000000e+00
7.233810296303151688e+01 1.908247303441301224e+00 2.345602988618106233e-02 0.000000000000000000e+00 3.499055831004233702e-02 0.000000000000000000e+00 0.000000000000000000e+00 0.000000000000000000e+00 0.000000000000000000e+00 0.000000000000000000e+00 0.000000000000000000e+00 0.000000000000000000e+00 2.131266608674302176e+00 -5.666650913963454661e-01 0.000000000000000000e+00 -5.666650913963454661e-01 6.829581805999712651e-01 0.000000000000000000e+00 0.000000000000000000e+00 0.000000000000000000e+00 1.001499303951455033e+00 1.622643932186109694e+01 0.000000000000000000e+00 0.000000000000000000e+00
7.479449171374085381e+01 1.859580947549235752e+00 2.228682579476382042e-02 0.000000000000000000e+00 3.399834355106703260e-02 0.000000000000000000e+00 0.000000000000000000e+00 0.000000000000000000e+00 0.000000000000000000e+00 0.000000000000000000e+00 0.000000000000000000e+00 0.000000000000000000e+00 2.063673699839235987e+00 -5.542161714528974770e-01 0.000000000000000000e+00 -5.542161714528974770e-01 6.739813786066426449e-01 0.000000000000000000e+00 0.000000000000000000e+00 0.000000000000000000e+00 9.807691236192489503e-01 1.631112687645530102e+01 0.000000000000000000e+00 0.000000000000000000e+00
7.728120481282647347e+01 1.812003225943551454e+00 2.119023282872955355e-02 0.000000000000000000e+00 3.306970056090832721e-02 0.000000000000000000e+00 0.000000000000000000e+00 0.000000000000000000e+00 0.000000000000000000e+00 0.000000000000000000e+00 0.000000000000000000e+00 0.000000000000000000e+00 1.999282977589784016e+00 -5.416040178345984391e-01 0.000000000000000000e+00 -5.416040178345984391e-01 6.644225947783102271e-01 0.000000000000000000e+00 0.000000000000000000e+00 0.000000000000000000e+00 9.596318176364662111e-01 1.639447495113554254e+01 0.000000000000000000e+00 0.000000000000000000e+00
7.979753944349378969e+01 1.765416443970276195e+00 2.015794733270289546e-02 0.000000000000000000e+00 3.219918488648028376e-02 0.000000000000000000e+00 0.000000000000000000e+00 0.000000000000000000e+00 0.000000000000000000e+00 0.000000000000000000e+00 0.000000000000000000e+00 0.000000000000000000e+00 1.937671653776618097e+00 -5.288039485356459402e-01 0.000000000000000000e+00 -5.288039485356459402e-01 6.543654257191727774e-01 0.000000000000000000e+00 0.000000000000000000e+00 0.000000000000000000e+00 9.382206840958312588e-01 1.647655585268723399e+01 0.000000000000000000e+00 0.000000000000000000e+00
8.234278441704960017e+01 1.719691374240330584e+00 1.918253189258296854e-02 0.000000000000000000e+00 3.137877877875838023e-02 0.000000000000000000e+00 0.000000000000000000e+00 0.000000000000000000e+00 0.000000000000000000e+00 0.000000000000000000e+00 0.000000000000000000e+00 0.000000000000000000e+00 1.878410335876234960e+00 -5.157935550467359631e-01 0.000000000000000000e+00 -5.157935550467359631e-01 6.438873001651824746e-01 0.000000000000000000e+00 0.000000000000000000e+00 0.000000000000000000e+00 9.166058741840571455e-01 1.655743184387392830e+01 0.000000000000000000e+00 0.000000000000000000e+00
8.491622037390462197e+01 1.674696654032825638e+00 1.825893851380912952e-02 0.000000000000000000e+00 3.059830020471095147e-02 0.000000000000000000e+00 0.000000000000000000e+00 0.000000000000000000e+00 0.000000000000000000e+00 0.000000000000000000e+00 0.000000000000000000e+00 0.000000000000000000e+00 1.821126579986978022e+00 -5.025737877437670420e-01 0.000000000000000000e+00 -5.025737877437670420e-01 6.330650549435660190e-01 0.000000000000000000e+00 0.000000000000000000e+00 0.000000000000000000e+00 8.947953366943413034e-01 1.663714768545950307e+01 0.000000000000000000e+00 0.000000000000000000e+00
8.751711998688503513e+01 1.630343427121295985e+00 1.738505414767027232e-02 0.000000000000000000e+00 2.984707217246827110e-02 0.000000000000000000e+00 0.000000000000000000e+00 0.000000000000000000e+00 0.000000000000000000e+00 0.000000000000000000e+00 0.000000000000000000e+00 0.000000000000000000e+00 1.765557136750550038e+00 -4.891682829628359874e-01 0.000000000000000000e+00 -4.891682829628359874e-01 6.219792445238524481e-01 0.000000000000000000e+00 0.000000000000000000e+00 0.000000000000000000e+00 8.727530610721899729e-01 1.671572600555502675e+01 0.000000000000000000e+00 0.000000000000000000e+00
9.014474816679636149e+01 1.586609007254998316e+00 1.655865143369414372e-02 0.000000000000000000e+00 2.911495860339633965e-02 0.000000000000000000e+00 0.000000000000000000e+00 0.000000000000000000e+00 0.000000000000000000e+00 0.000000000000000000e+00 0.000000000000000000e+00 0.000000000000000000e+00 1.711598271299143992e+00 -4.756046445161842273e-01 0.000000000000000000e+00 -4.756046445161842273e-01 6.107093911870913328e-01 0.000000000000000000e+00 0.000000000000000000e+00 0.000000000000000000e+00 8.504764862700621153e-01 1.679316626905048082e+01 0.000000000000000000e+00 0.000000000000000000e+00
9.279836227018066097e+01 1.543508330512846083e+00 1.577610101649633972e-02 0.000000000000000000e+00 2.839307963771992710e-02 0.000000000000000000e+00 0.000000000000000000e+00 0.000000000000000000e+00 0.000000000000000000e+00 0.000000000000000000e+00 0.000000000000000000e+00 0.000000000000000000e+00 1.659178894649721903e+00 -4.618972357770627091e-01 0.000000000000000000e+00 -4.618972357770627091e-01 5.993241534323627828e-01 0.000000000000000000e+00 0.000000000000000000e+00 0.000000000000000000e+00 8.280774043450143118e-01 1.686944588303390802e+01 0.000000000000000000e+00 0.000000000000000000e+00
9.547721230920903679e+01 1.501050121837117945e+00 1.503307709954387547e-02 0.000000000000000000e+00 2.767485318590480470e-02 0.000000000000000000e+00 0.000000000000000000e+00 0.000000000000000000e+00 0.000000000000000000e+00 0.000000000000000000e+00 0.000000000000000000e+00 0.000000000000000000e+00 1.608106106913973044e+00 -4.480411894123139116e-01 0.000000000000000000e+00 -4.480411894123139116e-01 5.878757343178993011e-01 0.000000000000000000e+00 0.000000000000000000e+00 0.000000000000000000e+00 8.057035406618086038e-01 1.694452392075747582e+01 0.000000000000000000e+00 0.000000000000000000e+00
9.818054116364982065e+01 1.459217695314600771e+00 1.432812298511802231e-02 0.000000000000000000e+00 2.695688510613137440e-02 0.000000000000000000e+00 0.000000000000000000e+00 0.000000000000000000e+00 0.000000000000000000e+00 0.000000000000000000e+00 0.000000000000000000e+00 0.000000000000000000e+00 1.558194348939363927e+00 -4.340268696782310087e-01 0.000000000000000000e+00 -4.340268696782310087e-01 5.764041781234935380e-01 0.000000000000000000e+00 0.000000000000000000e+00 0.000000000000000000e+00 7.834363696390719278e-01 1.701834786424533519e+01 0.000000000000000000e+00 0.000000000000000000e+00
1.009075847948526956e+02 1.418000146352576207e+00 1.365979698209793952e-02 0.000000000000000000e+00 2.623869238435684592e-02 0.000000000000000000e+00 0.000000000000000000e+00 0.000000000000000000e+00 0.000000000000000000e+00 0.000000000000000000e+00 0.000000000000000000e+00 0.000000000000000000e+00 1.509328109955839992e+00 -4.198594295101191753e-01 0.000000000000000000e+00 -4.198594295101191753e-01 5.649456149049232323e-01 0.000000000000000000e+00 0.000000000000000000e+00 0.000000000000000000e+00 7.613121684312338378e-01 1.709086172613086063e+01 0.000000000000000000e+00 0.000000000000000000e+00
1.036575724616875931e+02 1.377406392251459444e+00 1.302567465240547957e-02 0.000000000000000000e+00 2.552198565083790838e-02 0.000000000000000000e+00 0.000000000000000000e+00 0.000000000000000000e+00 0.000000000000000000e+00 0.000000000000000000e+00 0.000000000000000000e+00 0.000000000000000000e+00 1.461472709454183061e+00 -4.055493911609467927e-01 0.000000000000000000e+00 -4.055493911609467927e-01 5.535362552152869320e-01 0.000000000000000000e+00 0.000000000000000000e+00 0.000000000000000000e+00 7.393711234520630171e-01 1.716201285017627853e+01 0.000000000000000000e+00 0.000000000000000000e+00
1.064297269383792042e+02 1.337441149398519658e+00 1.242326440726813745e-02 0.000000000000000000e+00 2.480933838584521364e-02 0.000000000000000000e+00 0.000000000000000000e+00 0.000000000000000000e+00 0.000000000000000000e+00 0.000000000000000000e+00 0.000000000000000000e+00 0.000000000000000000e+00 1.414624436963475951e+00 -3.911008237579440272e-01 0.000000000000000000e+00 -3.911008237579440272e-01 5.422130782052121400e-01 0.000000000000000000e+00 0.000000000000000000e+00 0.000000000000000000e+00 7.176348569265408317e-01 1.723175657289832685e+01 0.000000000000000000e+00 0.000000000000000000e+00
1.092232647341723037e+02 1.298090378299145531e+00 1.185142764618100572e-02 0.000000000000000000e+00 2.410169928377424442e-02 0.000000000000000000e+00 0.000000000000000000e+00 0.000000000000000000e+00 0.000000000000000000e+00 0.000000000000000000e+00 0.000000000000000000e+00 0.000000000000000000e+00 1.368656225775354951e+00 -3.765180498079873095e-01 0.000000000000000000e+00 -3.765180498079873095e-01 5.310163972069326110e-01 0.000000000000000000e+00 0.000000000000000000e+00 0.000000000000000000e+00 6.961218131920705599e-01 1.730005536963450652e+01 0.000000000000000000e+00 0.000000000000000000e+00
1.120373963147696941e+02 1.259342656154500251e+00 1.131001166475159234e-02 0.000000000000000000e+00 2.339672513880559565e-02 0.000000000000000000e+00 0.000000000000000000e+00 0.000000000000000000e+00 0.000000000000000000e+00 0.000000000000000000e+00 0.000000000000000000e+00 0.000000000000000000e+00 1.323410189059603059e+00 -3.618080560955028169e-01 0.000000000000000000e+00 -3.618080560955028169e-01 5.199861330288058081e-01 0.000000000000000000e+00 0.000000000000000000e+00 0.000000000000000000e+00 6.748791394368789387e-01 1.736687173572556020e+01 0.000000000000000000e+00 0.000000000000000000e+00
1.148713263254769998e+02 1.221220716451285160e+00 1.079774817480482971e-02 0.000000000000000000e+00 2.268867761171932187e-02 0.000000000000000000e+00 0.000000000000000000e+00 0.000000000000000000e+00 0.000000000000000000e+00 0.000000000000000000e+00 0.000000000000000000e+00 0.000000000000000000e+00 1.278854291715610936e+00 -3.469759850557260772e-01 0.000000000000000000e+00 -3.469759850557260772e-01 5.091553856752683016e-01 0.000000000000000000e+00 0.000000000000000000e+00 0.000000000000000000e+00 6.539763618364767828e-01 1.743215830664791355e+01 0.000000000000000000e+00 0.000000000000000000e+00
1.177242538159926966e+02 1.183782070341207859e+00 1.031175754902956092e-02 0.000000000000000000e+00 2.196982713229599787e-02 0.000000000000000000e+00 0.000000000000000000e+00 0.000000000000000000e+00 0.000000000000000000e+00 0.000000000000000000e+00 0.000000000000000000e+00 0.000000000000000000e+00 1.235011823731940961e+00 -3.320274232978602247e-01 0.000000000000000000e+00 -3.320274232978602247e-01 4.985545370331221915e-01 0.000000000000000000e+00 0.000000000000000000e+00 0.000000000000000000e+00 6.334964371900061453e-01 1.749584953931350384e+01 0.000000000000000000e+00 0.000000000000000000e+00
1.205953724667802049e+02 1.147087894244130934e+00 9.850349542072436848e-03 0.000000000000000000e+00 2.123304092943831614e-02 0.000000000000000000e+00 0.000000000000000000e+00 0.000000000000000000e+00 0.000000000000000000e+00 0.000000000000000000e+00 0.000000000000000000e+00 0.000000000000000000e+00 1.191900418256977900e+00 -3.169749841707907856e-01 0.000000000000000000e+00 -3.169749841707907856e-01 4.882190760212318237e-01 0.000000000000000000e+00 0.000000000000000000e+00 0.000000000000000000e+00 6.135240905866135019e-01 1.755785912289411499e+01 0.000000000000000000e+00 0.000000000000000000e+00
1.234838708169563972e+02 1.111184825894697026e+00 9.413419344105033656e-03 0.000000000000000000e+00 2.047388124347197802e-02 0.000000000000000000e+00 0.000000000000000000e+00 0.000000000000000000e+00 0.000000000000000000e+00 0.000000000000000000e+00 0.000000000000000000e+00 0.000000000000000000e+00 1.149547070222213030e+00 -3.018390210760298897e-01 0.000000000000000000e+00 -3.018390210760298897e-01 4.781935547339069004e-01 0.000000000000000000e+00 0.000000000000000000e+00 0.000000000000000000e+00 5.940803576887727644e-01 1.761808464669130103e+01 0.000000000000000000e+00 0.000000000000000000e+00
1.263889324936344991e+02 1.076109357953596302e+00 9.001703488821188176e-03 0.000000000000000000e+00 1.969108770640641201e-02 0.000000000000000000e+00 0.000000000000000000e+00 0.000000000000000000e+00 0.000000000000000000e+00 0.000000000000000000e+00 0.000000000000000000e+00 0.000000000000000000e+00 1.107995314317987035e+00 -2.866404574479777811e-01 0.000000000000000000e+00 -2.866404574479777811e-01 4.685304758771235978e-01 0.000000000000000000e+00 0.000000000000000000e+00 0.000000000000000000e+00 5.751185976633527153e-01 1.767641618117827207e+01 0.000000000000000000e+00 0.000000000000000000e+00
1.293097364426540139e+02 1.041908780032297921e+00 8.615815847974814257e-03 0.000000000000000000e+00 1.888567267882849260e-02 0.000000000000000000e+00 0.000000000000000000e+00 0.000000000000000000e+00 0.000000000000000000e+00 0.000000000000000000e+00 0.000000000000000000e+00 0.000000000000000000e+00 1.067285373479033961e+00 -2.713932386017218756e-01 0.000000000000000000e+00 -2.713932386017218756e-01 4.592791073977225969e-01 0.000000000000000000e+00 0.000000000000000000e+00 0.000000000000000000e+00 5.566262963414628784e-01 1.773274451998377543e+01 0.000000000000000000e+00 0.000000000000000000e+00
1.322454571606346008e+02 1.008661355668258430e+00 8.254924062136128129e-03 0.000000000000000000e+00 1.805840077662275445e-02 0.000000000000000000e+00 0.000000000000000000e+00 0.000000000000000000e+00 0.000000000000000000e+00 0.000000000000000000e+00 0.000000000000000000e+00 0.000000000000000000e+00 1.027491885659800985e+00 -2.561008322409477067e-01 0.000000000000000000e+00 -2.561008322409477067e-01 4.504741328256228750e-01 0.000000000000000000e+00 0.000000000000000000e+00 0.000000000000000000e+00 5.386514966316802155e-01 1.778696458793290702e+01 0.000000000000000000e+00 0.000000000000000000e+00
1.351952649282874006e+02 9.764672483239744682e-01 7.917551952951880703e-03 0.000000000000000000e+00 1.720753855639678767e-02 0.000000000000000000e+00 0.000000000000000000e+00 0.000000000000000000e+00 0.000000000000000000e+00 0.000000000000000000e+00 0.000000000000000000e+00 0.000000000000000000e+00 9.887267527821932411e-01 -2.407598510283101012e-01 0.000000000000000000e+00 -2.407598510283101012e-01 4.421361366670499837e-01 0.000000000000000000e+00 0.000000000000000000e+00 0.000000000000000000e+00 5.212969522249828458e-01 1.783897106374345043e+01 0.000000000000000000e+00 0.000000000000000000e+00
1.381583260449166914e+02 9.454233352772918320e-01 7.602973979972444188e-03 0.000000000000000000e+00 1.632935576743194117e-02 0.000000000000000000e+00 0.000000000000000000e+00 0.000000000000000000e+00 0.000000000000000000e+00 0.000000000000000000e+00 0.000000000000000000e+00 0.000000000000000000e+00 9.510615443652650214e-01 -2.253727999477634081e-01 0.000000000000000000e+00 -2.253727999477634081e-01 4.342794550312024104e-01 0.000000000000000000e+00 0.000000000000000000e+00 0.000000000000000000e+00 5.046851337560492867e-01 1.788865108977782015e+01 0.000000000000000000e+00 0.000000000000000000e+00
1.411338030640490047e+02 9.156211406474237258e-01 7.311167440050315124e-03 0.000000000000000000e+00 1.542063978113889997e-02 0.000000000000000000e+00 0.000000000000000000e+00 0.000000000000000000e+00 0.000000000000000000e+00 0.000000000000000000e+00 0.000000000000000000e+00 0.000000000000000000e+00 9.145368010196306408e-01 -2.099468301088721900e-01 0.000000000000000000e+00 -2.099468301088721900e-01 4.269177170998431081e-01 0.000000000000000000e+00 0.000000000000000000e+00 0.000000000000000000e+00 4.888995187175341206e-01 1.793588200078198724e+01 0.000000000000000000e+00 0.000000000000000000e+00
1.441208550301184061e+02 8.871728286593160151e-01 7.041277228183825433e-03 0.000000000000000000e+00 1.447923539470476195e-02 0.000000000000000000e+00 0.000000000000000000e+00 0.000000000000000000e+00 0.000000000000000000e+00 0.000000000000000000e+00 0.000000000000000000e+00 0.000000000000000000e+00 8.792637294757265076e-01 -1.944834291812942983e-01 0.000000000000000000e+00 -1.944834291812942983e-01 4.200604836495097083e-01 0.000000000000000000e+00 0.000000000000000000e+00 0.000000000000000000e+00 4.740224607697816062e-01 1.798053460988639785e+01 0.000000000000000000e+00 0.000000000000000000e+00
1.471186377161457131e+02 8.602212058954848972e-01 6.791081697112822356e-03 0.000000000000000000e+00 1.350205475222737012e-02 0.000000000000000000e+00 0.000000000000000000e+00 0.000000000000000000e+00 0.000000000000000000e+00 0.000000000000000000e+00 0.000000000000000000e+00 0.000000000000000000e+00 8.454806363459527185e-01 -1.789831933863726965e-01 0.000000000000000000e+00 -1.789831933863726965e-01 4.137114195117813087e-01 0.000000000000000000e+00 0.000000000000000000e+00 0.000000000000000000e+00 4.601442053661369269e-01 1.802247346477542678e+01 0.000000000000000000e+00 0.000000000000000000e+00
1.501263038623407908e+02 8.349116280446531313e-01 6.559704881876475893e-03 0.000000000000000000e+00 1.248535520229359340e-02 0.000000000000000000e+00 0.000000000000000000e+00 0.000000000000000000e+00 0.000000000000000000e+00 0.000000000000000000e+00 0.000000000000000000e+00 0.000000000000000000e+00 8.134645895824929029e-01 -1.634553752101730872e-01 0.000000000000000000e+00 -1.634553752101730872e-01 4.078762747892916152e-01 0.000000000000000000e+00 0.000000000000000000e+00 0.000000000000000000e+00 4.473034358822360890e-01 1.806155355665535112e+01 0.000000000000000000e+00 0.000000000000000000e+00
1.531430034155627879e+02 8.113708826151966313e-01 6.348401905348641586e-03 0.000000000000000000e+00 1.142787915442072463e-02 0.000000000000000000e+00 0.000000000000000000e+00 0.000000000000000000e+00 0.000000000000000000e+00 0.000000000000000000e+00 0.000000000000000000e+00 0.000000000000000000e+00 7.834469291993515494e-01 -1.479071959121091018e-01 0.000000000000000000e+00 -1.479071959121091018e-01 4.025664827829035786e-01 0.000000000000000000e+00 0.000000000000000000e+00 0.000000000000000000e+00 4.354757948077719876e-01 1.809762289544797298e+01 0.000000000000000000e+00 0.000000000000000000e+00
1.561678837695700111e+02 7.897169401664674293e-01 6.158973490619610788e-03 0.000000000000000000e+00 1.033294294142452809e-02 0.000000000000000000e+00 0.000000000000000000e+00 0.000000000000000000e+00 0.000000000000000000e+00 0.000000000000000000e+00 0.000000000000000000e+00 0.000000000000000000e+00 7.556501883031875311e-01 -1.323373990722959137e-01 0.000000000000000000e+00 -1.323373990722959137e-01 3.977920048104151007e-01 0.000000000000000000e+00 0.000000000000000000e+00 0.000000000000000000e+00 4.246495955335293226e-01 1.813053408756051255e+01 0.000000000000000000e+00 0.000000000000000000e+00
1.592000900059900914e+02 7.700780094012208421e-01 5.992038843733298384e-03 0.000000000000000000e+00 9.206442898784973974e-03 0.000000000000000000e+00 0.000000000000000000e+00 0.000000000000000000e+00 0.000000000000000000e+00 0.000000000000000000e+00 0.000000000000000000e+00 0.000000000000000000e+00 7.303066895575521800e-01 -1.167442645221759973e-01 0.000000000000000000e+00 -1.167442645221759973e-01 3.935575537111211109e-01 0.000000000000000000e+00 0.000000000000000000e+00 0.000000000000000000e+00 4.148564022929723816e-01 1.816015644441102239e+01 0.000000000000000000e+00 0.000000000000000000e+00
1.622387651359456981e+02 7.525909026972722460e-01 5.847096609516653706e-03 0.000000000000000000e+00 8.053138427102889130e-03 0.000000000000000000e+00 0.000000000000000000e+00 0.000000000000000000e+00 0.000000000000000000e+00 0.000000000000000000e+00 0.000000000000000000e+00 0.000000000000000000e+00 7.076353547556795132e-01 -1.011321307152499988e-01 0.000000000000000000e+00 -1.011321307152499988e-01 3.898636529269430828e-01 0.000000000000000000e+00 0.000000000000000000e+00 0.000000000000000000e+00 4.061566145159248853e-01 1.818637831368529234e+01 0.000000000000000000e+00 0.000000000000000000e+00
1.652830503422634081e+02 7.373831581780769806e-01 5.723452115588504446e-03 0.000000000000000000e+00 6.874419193183389960e-03 0.000000000000000000e+00 0.000000000000000000e+00 0.000000000000000000e+00 0.000000000000000000e+00 0.000000000000000000e+00 0.000000000000000000e+00 0.000000000000000000e+00 6.878334025756789316e-01 -8.551772378290363463e-02 0.000000000000000000e+00 -8.551772378290363463e-02 3.867052807121916791e-01 0.000000000000000000e+00 0.000000000000000000e+00 0.000000000000000000e+00 3.986304651355703221e-01 1.820910001925584254e+01 0.000000000000000000e+00 0.000000000000000000e+00
1.683320852222005897e+02 7.245612924909287100e-01 5.620549708927535457e-03 0.000000000000000000e+00 5.669176840774043866e-03 0.000000000000000000e+00 0.000000000000000000e+00 0.000000000000000000e+00 0.000000000000000000e+00 0.000000000000000000e+00 0.000000000000000000e+00 0.000000000000000000e+00 6.710481862161358224e-01 -6.992134223657946179e-02 0.000000000000000000e+00 -6.992134223657946179e-02 3.840752847731103148e-01 0.000000000000000000e+00 0.000000000000000000e+00 0.000000000000000000e+00 3.923507074572274989e-01 1.822822411349946492e+01 0.000000000000000000e+00 0.000000000000000000e+00
1.713850080306200141e+02 7.142089868406877873e-01 5.538368481164438265e-03 0.000000000000000000e+00 4.437610507521203701e-03 0.000000000000000000e+00 0.000000000000000000e+00 0.000000000000000000e+00 0.000000000000000000e+00 0.000000000000000000e+00 0.000000000000000000e+00 0.000000000000000000e+00 6.573929167875595114e-01 -5.435220112394169995e-02 0.000000000000000000e+00 -5.435220112394169995e-02 3.819697062910452079e-01 0.000000000000000000e+00 0.000000000000000000e+00 0.000000000000000000e+00 3.873618049970530830e-01 1.824365346080441697e+01 0.000000000000000000e+00 0.000000000000000000e+00
1.744409559235436973e+02 7.063936585846136706e-01 5.476663979688479317e-03 0.000000000000000000e+00 3.183824143743408264e-03 0.000000000000000000e+00 0.000000000000000000e+00 0.000000000000000000e+00 0.000000000000000000e+00 0.000000000000000000e+00 0.000000000000000000e+00 0.000000000000000000e+00 6.469951284853208140e-01 -3.880604703022857288e-02 0.000000000000000000e+00 -3.880604703022857288e-02 3.803884248621026143e-01 0.000000000000000000e+00 0.000000000000000000e+00 0.000000000000000000e+00 3.836717611745724121e-01 1.825530009269433407e+01 0.000000000000000000e+00 0.000000000000000000e+00
1.774990652020177890e+02 7.011646969138429775e-01 5.435196465355339110e-03 0.000000000000000000e+00 1.915180864095096741e-03 0.000000000000000000e+00 0.000000000000000000e+00 0.000000000000000000e+00 0.000000000000000000e+00 0.000000000000000000e+00 0.000000000000000000e+00 0.000000000000000000e+00 6.400011433523355997e-01 -2.327608979168133141e-02 0.000000000000000000e+00 -2.327608979168133141e-02 3.793335147711627831e-01 0.000000000000000000e+00 0.000000000000000000e+00 0.000000000000000000e+00 3.812475507865301094e-01 1.826309712639450922e+01 0.000000000000000000e+00 0.000000000000000000e+00
1.805584715562183931e+02 6.989832167402656449e-01 5.417739348636672891e-03 0.000000000000000000e+00 1.278421066003049018e-03 0.000000000000000000e+00 0.000000000000000000e+00 0.000000000000000000e+00 0.000000000000000000e+00 0.000000000000000000e+00 0.000000000000000000e+00 0.000000000000000000e+00 6.364999168940690399e-01 -7.757293224883197308e-03 0.000000000000000000e+00 -7.757293224883197308e-03 3.788062845778146226e-01 0.000000000000000000e+00 0.000000000000000000e+00 0.000000000000000000e+00 3.800444565791505913e-01 1.826635236152872821e+01 0.000000000000000000e+00 0.000000000000000000e+00
