# y+, tke, epsilon, grad_u_11, grad_u_12, grad_u_13, grad_u_21, grad_u_22, grad_u_23, grad_u_31, grad_u_32, grad_u_33, uu_11, uu_12, uu_13, uu_21, uu_22, uu_23, uu_31, uu_32, uu_33, u_1, u_2, u_3
0.000000000000000000e+00 3.987079944756709166e-07 2.704778526303066588e-01 0.000000000000000000e+00 9.999993913378507626e-01 0.000000000000000000e+00 0.000000000000000000e+00 0.000000000000000000e+00 0.000000000000000000e+00 0.000000000000000000e+00 0.000000000000000000e+00 0.000000000000000000e+00 1.835759083069220948e-34 0.000000000000000000e+00 0.000000000000000000e+00 0.000000000000000000e+00 -0.000000000000000000e+00 0.000000000000000000e+00 0.000000000000000000e+00 0.000000000000000000e+00 3.147916573873454098e-34 1.214119353284412190e-03 0.000000000000000000e+00 0.000000000000000000e+00
3.399507290269083298e-02 2.962282140263159812e-04 2.685572646330190993e-01 0.000000000000000000e+00 9.999799655647089169e-01 0.000000000000000000e+00 0.000000000000000000e+00 0.000000000000000000e+00 0.000000000000000000e+00 0.000000000000000000e+00 0.000000000000000000e+00 0.000000000000000000e+00 2.159370200458165991e-04 -4.201143911923690981e-08 0.000000000000000000e+00 -4.201143911923690981e-08 2.321251044048485016e-10 0.000000000000000000e+00 0.000000000000000000e+00 0.000000000000000000e+00 9.571659644372876015e-05 3.966021868437995951e-02 0.000000000000000000e+00 0.000000000000000000e+00
2.209623252004996041e-01 8.006176945819558355e-03 2.599626122119200744e-01 0.000000000000000000e+00 9.998647709959843644e-01 0.000000000000000000e+00 0.000000000000000000e+00 0.000000000000000000e+00 0.000000000000000000e+00 0.000000000000000000e+00 0.000000000000000000e+00 0.000000000000000000e+00 9.083081461440569576e-03 -1.175845273076402075e-05 0.000000000000000000e+00 -1.175845273076402075e-05 3.904510186719538766e-07 0.000000000000000000e+00 0.000000000000000000e+00 0.000000000000000000e+00 3.861761865596018053e-03 2.314667591711994654e-01 0.000000000000000000e+00 0.000000000000000000e+00
6.798554005853233440e-01 6.412105067359387400e-02 2.441311499243511984e-01 0.000000000000000000e+00 9.992098336035520889e-01 0.000000000000000000e+00 0.000000000000000000e+00 0.000000000000000000e+00 0.000000000000000000e+00 0.000000000000000000e+00 0.000000000000000000e+00 0.000000000000000000e+00 8.523879548013260643e-02 -3.563765352684536837e-04 0.000000000000000000e+00 -3.563765352684536837e-04 3.030444503597946984e-05 0.000000000000000000e+00 0.000000000000000000e+00 0.000000000000000000e+00 3.274318867058773064e-02 6.909688743798603205e-01 0.000000000000000000e+00 0.000000000000000000e+00
1.444598987157692083e+00 2.619558644882430398e-01 2.258444751371654902e-01 0.000000000000000000e+00 9.952995398688868622e-01 0.000000000000000000e+00 0.000000000000000000e+00 0.000000000000000000e+00 0.000000000000000000e+00 0.000000000000000000e+00 0.000000000000000000e+00 0.000000000000000000e+00 3.797651600582032105e-01 -3.557524890273027016e-03 0.000000000000000000e+00 -3.557524890273027016e-03 4.892380793146916627e-04 0.000000000000000000e+00 0.000000000000000000e+00 0.000000000000000000e+00 1.239747051904946940e-01 1.453825477877866756e+00 0.000000000000000000e+00 0.000000000000000000e+00
2.515075788908998966e+00 7.220057525614653748e-01 2.049165926668323479e-01 0.000000000000000000e+00 9.789322900841543884e-01 0.000000000000000000e+00 0.000000000000000000e+00 0.000000000000000000e+00 0.000000000000000000e+00 0.000000000000000000e+00 0.000000000000000000e+00 0.000000000000000000e+00 1.116377140098552934e+00 -1.871189923192494858e-02 0.000000000000000000e+00 -1.871189923192494858e-02 3.290566579758723211e-03 0.000000000000000000e+00 0.000000000000000000e+00 0.000000000000000000e+00 2.978085068899106735e-01 2.511512618126322316e+00 0.000000000000000000e+00 0.000000000000000000e+00
3.891121616615142109e+00 1.521695442156907330e+00 1.792042164529292769e-01 0.000000000000000000e+00 9.330569991537482899e-01 0.000000000000000000e+00 0.000000000000000000e+00 0.000000000000000000e+00 0.000000000000000000e+00 0.000000000000000000e+00 0.000000000000000000e+00 0.000000000000000000e+00 2.468309618425217788e+00 -6.328769494695900277e-02 0.000000000000000000e+00 -6.328769494695900277e-02 1.296354171056804915e-02 0.000000000000000000e+00 0.000000000000000000e+00 0.000000000000000000e+00 5.408450378317547491e-01 3.829259266723775923e+00 0.000000000000000000e+00 0.000000000000000000e+00
5.572525413020117391e+00 2.586288451106217856e+00 1.566758935725603985e-01 0.000000000000000000e+00 8.433937292039463962e-01 0.000000000000000000e+00 0.000000000000000000e+00 0.000000000000000000e+00 0.000000000000000000e+00 0.000000000000000000e+00 0.000000000000000000e+00 0.000000000000000000e+00 4.314740553461200889e+00 -1.522798139026984021e-01 0.000000000000000000e+00 -1.522798139026984021e-01 3.590701157585522718e-02 0.000000000000000000e+00 0.000000000000000000e+00 0.000000000000000000e+00 8.199781147289405547e-01 5.324837069737707651e+00 0.000000000000000000e+00 0.000000000000000000e+00
7.559029285207190085e+00 3.677366466024668767e+00 1.457664554535550439e-01 0.000000000000000000e+00 7.144167716107082677e-01 0.000000000000000000e+00 0.000000000000000000e+00 0.000000000000000000e+00 0.000000000000000000e+00 0.000000000000000000e+00 0.000000000000000000e+00 0.000000000000000000e+00 6.187998837855995582e+00 -2.812196760117394723e-01 0.000000000000000000e+00 -2.812196760117394723e-01 7.807512061056845476e-02 0.000000000000000000e+00 0.000000000000000000e+00 0.000000000000000000e+00 1.106073376243775108e+00 6.870858515519809195e+00 0.000000000000000000e+00 0.000000000000000000e+00
9.850328544154747235e+00 4.552264323656164180e+00 1.422778899523775564e-01 0.000000000000000000e+00 5.694840012530375528e-01 0.000000000000000000e+00 0.000000000000000000e+00 0.000000000000000000e+00 0.000000000000000000e+00 0.000000000000000000e+00 0.000000000000000000e+00 0.000000000000000000e+00 7.605036070578931273e+00 -4.260272303610929123e-01 0.000000000000000000e+00 -4.260272303610929123e-01 1.429068561789131886e-01 0.000000000000000000e+00 0.000000000000000000e+00 0.000000000000000000e+00 1.381386680333146932e+00 8.335125845586027538e+00 0.000000000000000000e+00 0.000000000000000000e+00
1.244607175146929912e+01 5.108157804104653366e+00 1.380357087484179734e-01 0.000000000000000000e+00 4.343177475687492461e-01 0.000000000000000000e+00 0.000000000000000000e+00 0.000000000000000000e+00 0.000000000000000000e+00 0.000000000000000000e+00 0.000000000000000000e+00 0.000000000000000000e+00 8.374467817464140040e+00 -5.604360965034727027e-01 0.000000000000000000e+00 -5.604360965034727027e-01 2.301738762346937084e-01 0.000000000000000000e+00 0.000000000000000000e+00 0.000000000000000000e+00 1.633484707011821913e+00 9.627192165218239950e+00 0.000000000000000000e+00 0.000000000000000000e+00
1.534586077328899023e+01 5.374889578661633749e+00 1.300954412738711818e-01 0.000000000000000000e+00 3.235554426857396582e-01 0.000000000000000000e+00 0.000000000000000000e+00 0.000000000000000000e+00 0.000000000000000000e+00 0.000000000000000000e+00 0.000000000000000000e+00 0.000000000000000000e+00 8.577221749073913770e+00 -6.698057957641787574e-01 0.000000000000000000e+00 -6.698057957641787574e-01 3.357543654554793755e-01 0.000000000000000000e+00 0.000000000000000000e+00 0.000000000000000000e+00 1.851963995671028984e+00 1.071408374751015025e+01 0.000000000000000000e+00 0.000000000000000000e+00
1.854925084134967861e+01 5.436070351980285764e+00 1.193736964164996417e-01 0.000000000000000000e+00 2.398114223078340046e-01 0.000000000000000000e+00 0.000000000000000000e+00 0.000000000000000000e+00 0.000000000000000000e+00 0.000000000000000000e+00 0.000000000000000000e+00 0.000000000000000000e+00 8.397918181993613729e+00 -7.517580577751371562e-01 0.000000000000000000e+00 -7.517580577751371562e-01 4.526202324571402813e-01 0.000000000000000000e+00 0.000000000000000000e+00 0.000000000000000000e+00 2.030586565193087001e+00 1.160555931302887700e+01 0.000000000000000000e+00 0.000000000000000000e+00
2.205575062120217922e+01 5.373391747316097700e+00 1.074254543094578240e-01 0.000000000000000000e+00 1.791841946423927134e-01 0.000000000000000000e+00 0.000000000000000000e+00 0.000000000000000000e+00 0.000000000000000000e+00 0.000000000000000000e+00 0.000000000000000000e+00 0.000000000000000000e+00 8.009892047644852298e+00 -8.103730671536188979e-01 0.000000000000000000e+00 -8.103730671536188979e-01 5.727353805432862099e-01 0.000000000000000000e+00 0.000000000000000000e+00 0.000000000000000000e+00 2.168635665451088990e+00 1.233133214598981553e+01 0.000000000000000000e+00 0.000000000000000000e+00
2.586482228757358826e+01 5.247798707607401525e+00 9.538700549864870259e-02 0.000000000000000000e+00 1.360883287379967832e-01 0.000000000000000000e+00 0.000000000000000000e+00 0.000000000000000000e+00 0.000000000000000000e+00 0.000000000000000000e+00 0.000000000000000000e+00 0.000000000000000000e+00 7.538496778490394234e+00 -8.513210741521086700e-01 0.000000000000000000e+00 -8.513210741521086700e-01 6.888823938162863536e-01 0.000000000000000000e+00 0.000000000000000000e+00 0.000000000000000000e+00 2.269810448506588862e+00 1.292501924321561901e+01 0.000000000000000000e+00 0.000000000000000000e+00
2.997588160685862135e+01 5.098814203782540133e+00 8.398449912409272633e-02 0.000000000000000000e+00 1.055745151543351912e-01 0.000000000000000000e+00 0.000000000000000000e+00 0.000000000000000000e+00 0.000000000000000000e+00 0.000000000000000000e+00 0.000000000000000000e+00 0.000000000000000000e+00 7.061810917566390344e+00 -8.795685350569136807e-01 0.000000000000000000e+00 -8.795685350569136807e-01 7.957215774661732244e-01 0.000000000000000000e+00 0.000000000000000000e+00 0.000000000000000000e+00 2.340061395840673963e+00 1.341671924461032184e+01 0.000000000000000000e+00 0.000000000000000000e+00
3.438829802672938030e+01 4.949063653540581420e+00 7.366138935783875241e-02 0.000000000000000000e+00 8.391328257042635075e-02 0.000000000000000000e+00 0.000000000000000000e+00 0.000000000000000000e+00 0.000000000000000000e+00 0.000000000000000000e+00 0.000000000000000000e+00 0.000000000000000000e+00 6.621912781154284389e+00 -8.988226829721964739e-01 0.000000000000000000e+00 -8.988226829721964739e-01 8.900348651267855349e-01 0.000000000000000000e+00 0.000000000000000000e+00 0.000000000000000000e+00 2.385344407644176989e+00 1.383104114981919430e+01 0.000000000000000000e+00 0.000000000000000000e+00
3.910139477284838705e+01 4.809875059421941046e+00 6.460770780013926073e-02 0.000000000000000000e+00 6.842357312937263902e-02 0.000000000000000000e+00 0.000000000000000000e+00 0.000000000000000000e+00 0.000000000000000000e+00 0.000000000000000000e+00 0.000000000000000000e+00 0.000000000000000000e+00 6.237560725701493780e+00 -9.117809217144630107e-01 0.000000000000000000e+00 -9.117809217144630107e-01 9.704512682839044890e-01 0.000000000000000000e+00 0.000000000000000000e+00 0.000000000000000000e+00 2.410586943779458036e+00 1.418729264817959823e+01 0.000000000000000000e+00 0.000000000000000000e+00
4.411444895267251098e+01 4.685805095694766109e+00 5.682526658502463218e-02 0.000000000000000000e+00 5.722013134351742331e-02 0.000000000000000000e+00 0.000000000000000000e+00 0.000000000000000000e+00 0.000000000000000000e+00 0.000000000000000000e+00 0.000000000000000000e+00 0.000000000000000000e+00 5.913596351898860348e+00 -9.203537624153009800e-01 0.000000000000000000e+00 -9.203537624153009800e-01 1.036970047972602060e+00 0.000000000000000000e+00 0.000000000000000000e+00 0.000000000000000000e+00 2.419859041586697845e+00 1.450021334751027169e+01 0.000000000000000000e+00 0.000000000000000000e+00
4.942669166632965272e+01 4.577540820016114509e+00 5.021176402816972251e-02 0.000000000000000000e+00 4.898765746597572024e-02 0.000000000000000000e+00 0.000000000000000000e+00 0.000000000000000000e+00 0.000000000000000000e+00 0.000000000000000000e+00 0.000000000000000000e+00 0.000000000000000000e+00 5.646933783796537654e+00 -9.258563749252128883e-01 0.000000000000000000e+00 -9.258563749252128883e-01 1.090492074282209067e+00 0.000000000000000000e+00 0.000000000000000000e+00 0.000000000000000000e+00 2.416564899757016160e+00 1.478084076155583837e+01 0.000000000000000000e+00 0.000000000000000000e+00
5.503730812455282262e+01 4.483901009549863481e+00 4.461037215322919552e-02 0.000000000000000000e+00 4.280861493242424376e-02 0.000000000000000000e+00 0.000000000000000000e+00 0.000000000000000000e+00 0.000000000000000000e+00 0.000000000000000000e+00 0.000000000000000000e+00 0.000000000000000000e+00 5.430923732195516607e+00 -9.292088503967413926e-01 0.000000000000000000e+00 -9.292088503967413926e-01 1.132437520640660056e+00 0.000000000000000000e+00 0.000000000000000000e+00 0.000000000000000000e+00 2.403501373576987010e+00 1.503727489176004184e+01 0.000000000000000000e+00 0.000000000000000000e+00
6.094543777365076664e+01 4.402941047994579193e+00 3.986345439554968978e-02 0.000000000000000000e+00 3.805353076942392249e-02 0.000000000000000000e+00 0.000000000000000000e+00 0.000000000000000000e+00 0.000000000000000000e+00 0.000000000000000000e+00 0.000000000000000000e+00 0.000000000000000000e+00 5.257601583187955896e+00 -9.309892091524748503e-01 0.000000000000000000e+00 -9.309892091524748503e-01 1.164469361170197947e+00 0.000000000000000000e+00 0.000000000000000000e+00 0.000000000000000000e+00 2.383031740093246142e+00 1.527534141658214928e+01 0.000000000000000000e+00 0.000000000000000000e+00
6.715017442750107080e+01 4.332494503240894801e+00 3.582381262818086498e-02 0.000000000000000000e+00 3.430125337884894904e-02 0.000000000000000000e+00 0.000000000000000000e+00 0.000000000000000000e+00 0.000000000000000000e+00 0.000000000000000000e+00 0.000000000000000000e+00 0.000000000000000000e+00 5.118965218432609987e+00 -9.315735988569548987e-01 0.000000000000000000e+00 -9.315735988569548987e-01 1.188282818244879024e+00 0.000000000000000000e+00 0.000000000000000000e+00 0.000000000000000000e+00 2.357120794931339969e+00 1.549920308335236996e+01 0.000000000000000000e+00 0.000000000000000000e+00
7.365056640653874354e+01 4.270506071166531470e+00 3.236326587379884101e-02 0.000000000000000000e+00 3.125530021251780172e-02 0.000000000000000000e+00 0.000000000000000000e+00 0.000000000000000000e+00 0.000000000000000000e+00 0.000000000000000000e+00 0.000000000000000000e+00 0.000000000000000000e+00 5.007698289631774990e+00 -9.313027132469785530e-01 0.000000000000000000e+00 -9.313027132469785530e-01 1.205452925861657976e+00 0.000000000000000000e+00 0.000000000000000000e+00 0.000000000000000000e+00 2.327353262024799196e+00 1.571181402105115943e+01 0.000000000000000000e+00 0.000000000000000000e+00
8.044561668372601559e+01 4.215349532764292917e+00 2.938110882665521603e-02 0.000000000000000000e+00 2.872018631127045904e-02 0.000000000000000000e+00 0.000000000000000000e+00 0.000000000000000000e+00 0.000000000000000000e+00 0.000000000000000000e+00 0.000000000000000000e+00 0.000000000000000000e+00 4.917859183017114333e+00 -9.304419082335159130e-01 0.000000000000000000e+00 -9.304419082335159130e-01 1.217365372557964953e+00 0.000000000000000000e+00 0.000000000000000000e+00 0.000000000000000000e+00 2.295082323945063063e+00 1.591521193557821334e+01 0.000000000000000000e+00 0.000000000000000000e+00
8.753428303747489281e+01 4.165563947506002229e+00 2.679403763640921671e-02 0.000000000000000000e+00 2.657157889394796274e-02 0.000000000000000000e+00 0.000000000000000000e+00 0.000000000000000000e+00 0.000000000000000000e+00 0.000000000000000000e+00 0.000000000000000000e+00 0.000000000000000000e+00 4.844237934651528299e+00 -9.291004529199525797e-01 0.000000000000000000e+00 -9.291004529199525797e-01 1.225191558960549099e+00 0.000000000000000000e+00 0.000000000000000000e+00 0.000000000000000000e+00 2.261378224114876101e+00 1.611088949954722338e+01 0.000000000000000000e+00 0.000000000000000000e+00
9.491547821150244602e+01 4.120082375274955133e+00 2.453100767534220281e-02 0.000000000000000000e+00 2.470871613386113608e-02 0.000000000000000000e+00 0.000000000000000000e+00 0.000000000000000000e+00 0.000000000000000000e+00 0.000000000000000000e+00 0.000000000000000000e+00 0.000000000000000000e+00 4.782943750737014277e+00 -9.273476924487294992e-01 0.000000000000000000e+00 -9.273476924487294992e-01 1.229882696903318084e+00 0.000000000000000000e+00 0.000000000000000000e+00 0.000000000000000000e+00 2.227095359399752006e+00 1.629990427913384821e+01 0.000000000000000000e+00 0.000000000000000000e+00
1.025880700815947932e+02 4.077909259767051431e+00 2.254287431730709473e-02 0.000000000000000000e+00 2.307420328274323307e-02 0.000000000000000000e+00 0.000000000000000000e+00 0.000000000000000000e+00 0.000000000000000000e+00 0.000000000000000000e+00 0.000000000000000000e+00 0.000000000000000000e+00 4.730631121458018562e+00 -9.252087735868904650e-01 0.000000000000000000e+00 -9.252087735868904650e-01 1.232191236446203986e+00 0.000000000000000000e+00 0.000000000000000000e+00 0.000000000000000000e+00 2.192818525584304012e+00 1.648300410230812219e+01 0.000000000000000000e+00 0.000000000000000000e+00
1.105508818292503008e+02 4.038185654865753094e+00 2.078524616331933056e-02 0.000000000000000000e+00 2.162823029461878252e-02 0.000000000000000000e+00 0.000000000000000000e+00 0.000000000000000000e+00 0.000000000000000000e+00 0.000000000000000000e+00 0.000000000000000000e+00 0.000000000000000000e+00 4.684679619946430229e+00 -9.227004189328241734e-01 0.000000000000000000e+00 -9.227004189328241734e-01 1.232696524856013998e+00 0.000000000000000000e+00 0.000000000000000000e+00 0.000000000000000000e+00 2.158855981546481839e+00 1.666080633792085308e+01 0.000000000000000000e+00 0.000000000000000000e+00
1.188026921221807015e+02 4.000394085975828240e+00 1.922413373587385579e-02 0.000000000000000000e+00 2.032863353249902971e-02 0.000000000000000000e+00 0.000000000000000000e+00 0.000000000000000000e+00 0.000000000000000000e+00 0.000000000000000000e+00 0.000000000000000000e+00 0.000000000000000000e+00 4.643198323105624858e+00 -9.198727930490384619e-01 0.000000000000000000e+00 -9.198727930490384619e-01 1.231849694376565107e+00 0.000000000000000000e+00 0.000000000000000000e+00 0.000000000000000000e+00 2.125612815406733080e+00 1.683376464954496043e+01 0.000000000000000000e+00 0.000000000000000000e+00
1.273422353016378992e+02 3.964300821595761803e+00 1.783121909981179309e-02 0.000000000000000000e+00 1.915116408199590142e-02 0.000000000000000000e+00 0.000000000000000000e+00 0.000000000000000000e+00 0.000000000000000000e+00 0.000000000000000000e+00 0.000000000000000000e+00 0.000000000000000000e+00 4.605014313323693820e+00 -9.167706525387593341e-01 0.000000000000000000e+00 -9.167706525387593341e-01 1.229994419355064039e+00 0.000000000000000000e+00 0.000000000000000000e+00 0.000000000000000000e+00 2.093489248780919798e+00 1.700220343131994127e+01 0.000000000000000000e+00 0.000000000000000000e+00
1.361682015765397864e+02 3.929551446570632933e+00 1.658190281803686300e-02 0.000000000000000000e+00 1.807180144518712520e-02 0.000000000000000000e+00 0.000000000000000000e+00 0.000000000000000000e+00 0.000000000000000000e+00 0.000000000000000000e+00 0.000000000000000000e+00 0.000000000000000000e+00 4.569164849161547082e+00 -9.134293428933215608e-01 0.000000000000000000e+00 -9.134293428933215608e-01 1.227387663271499063e+00 0.000000000000000000e+00 0.000000000000000000e+00 0.000000000000000000e+00 2.062492311585836902e+00 1.716634927751430340e+01 0.000000000000000000e+00 0.000000000000000000e+00
1.452792372243661134e+02 3.895628825402511097e+00 1.545906202278990622e-02 0.000000000000000000e+00 1.708431047144599174e-02 0.000000000000000000e+00 0.000000000000000000e+00 0.000000000000000000e+00 0.000000000000000000e+00 0.000000000000000000e+00 0.000000000000000000e+00 0.000000000000000000e+00 4.534579740138733328e+00 -9.098656298906112605e-01 0.000000000000000000e+00 -9.098656298906112605e-01 1.224213718927734895e+00 0.000000000000000000e+00 0.000000000000000000e+00 0.000000000000000000e+00 2.032425118396933961e+00 1.732639194276688954e+01 0.000000000000000000e+00 0.000000000000000000e+00
1.546739447987916094e+02 3.862229053652875610e+00 1.444510159804944342e-02 0.000000000000000000e+00 1.617748649857758680e-02 0.000000000000000000e+00 0.000000000000000000e+00 0.000000000000000000e+00 0.000000000000000000e+00 0.000000000000000000e+00 0.000000000000000000e+00 0.000000000000000000e+00 4.500562685564825749e+00 -9.061025762859569177e-01 0.000000000000000000e+00 -9.061025762859569177e-01 1.220591553277502017e+00 0.000000000000000000e+00 0.000000000000000000e+00 0.000000000000000000e+00 2.003273390385746922e+00 1.748253586795125614e+01 0.000000000000000000e+00 0.000000000000000000e+00
1.643508833440247940e+02 3.829258602150277468e+00 1.352930847810087170e-02 0.000000000000000000e+00 1.533841632700215160e-02 0.000000000000000000e+00 0.000000000000000000e+00 0.000000000000000000e+00 0.000000000000000000e+00 0.000000000000000000e+00 0.000000000000000000e+00 0.000000000000000000e+00 4.466591096986904930e+00 -9.021354439452849983e-01 0.000000000000000000e+00 -9.021354439452849983e-01 1.216608879462462989e+00 0.000000000000000000e+00 0.000000000000000000e+00 0.000000000000000000e+00 1.975286830161022023e+00 1.763493578034666243e+01 0.000000000000000000e+00 0.000000000000000000e+00
1.743085686158223098e+02 3.796691879645714529e+00 1.269858889096776161e-02 0.000000000000000000e+00 1.455960639660674842e-02 0.000000000000000000e+00 0.000000000000000000e+00 0.000000000000000000e+00 0.000000000000000000e+00 0.000000000000000000e+00 0.000000000000000000e+00 0.000000000000000000e+00 4.432526672368554799e+00 -8.979242844069125207e-01 0.000000000000000000e+00 -8.979242844069125207e-01 1.212326897548368976e+00 0.000000000000000000e+00 0.000000000000000000e+00 0.000000000000000000e+00 1.948515156456045005e+00 1.778370832088767628e+01 0.000000000000000000e+00 0.000000000000000000e+00
1.845454733091409878e+02 3.764288951456725485e+00 1.194242943717797184e-02 0.000000000000000000e+00 1.384129397877227781e-02 0.000000000000000000e+00 0.000000000000000000e+00 0.000000000000000000e+00 0.000000000000000000e+00 0.000000000000000000e+00 0.000000000000000000e+00 0.000000000000000000e+00 4.398061872819083895e+00 -8.934799068050217619e-01 0.000000000000000000e+00 -8.934799068050217619e-01 1.207783038918736063e+00 0.000000000000000000e+00 0.000000000000000000e+00 0.000000000000000000e+00 1.922741681741162889e+00 1.792899531539215374e+01 0.000000000000000000e+00 0.000000000000000000e+00
1.950600272923952048e+02 3.731805027207247161e+00 1.125283785553481998e-02 0.000000000000000000e+00 1.317189884445355529e-02 0.000000000000000000e+00 0.000000000000000000e+00 0.000000000000000000e+00 0.000000000000000000e+00 0.000000000000000000e+00 0.000000000000000000e+00 0.000000000000000000e+00 4.362950117668301431e+00 -8.888219085346765747e-01 0.000000000000000000e+00 -8.888219085346765747e-01 1.203015484188036055e+00 0.000000000000000000e+00 0.000000000000000000e+00 0.000000000000000000e+00 1.897655175905438973e+00 1.807094405924372538e+01 0.000000000000000000e+00 0.000000000000000000e+00
2.058506178482828943e+02 3.699187244876242175e+00 1.062254619314750848e-02 0.000000000000000000e+00 1.254736330664092681e-02 0.000000000000000000e+00 0.000000000000000000e+00 0.000000000000000000e+00 0.000000000000000000e+00 0.000000000000000000e+00 0.000000000000000000e+00 0.000000000000000000e+00 4.327259920699104256e+00 -8.839973570679793280e-01 0.000000000000000000e+00 -8.839973570679793280e-01 1.198066889486657960e+00 0.000000000000000000e+00 0.000000000000000000e+00 0.000000000000000000e+00 1.873058331172493984e+00 1.820963632628595263e+01 0.000000000000000000e+00 0.000000000000000000e+00
2.169155899211436065e+02 3.666465942121123422e+00 1.004484334645639951e-02 0.000000000000000000e+00 1.196989342732785594e-02 0.000000000000000000e+00 0.000000000000000000e+00 0.000000000000000000e+00 0.000000000000000000e+00 0.000000000000000000e+00 0.000000000000000000e+00 0.000000000000000000e+00 4.291048179618814018e+00 -8.790326509456298787e-01 0.000000000000000000e+00 -8.790326509456298787e-01 1.192955952086971028e+00 0.000000000000000000e+00 0.000000000000000000e+00 0.000000000000000000e+00 1.848924583594637960e+00 1.834520925763144916e+01 0.000000000000000000e+00 0.000000000000000000e+00
2.282532463708095065e+02 3.633717453707748124e+00 9.513679497831469337e-03 0.000000000000000000e+00 1.144340549281725253e-02 0.000000000000000000e+00 0.000000000000000000e+00 0.000000000000000000e+00 0.000000000000000000e+00 0.000000000000000000e+00 0.000000000000000000e+00 0.000000000000000000e+00 4.254351759722101001e+00 -8.739473720399542067e-01 0.000000000000000000e+00 -8.739473720399542067e-01 1.187678368476857038e+00 0.000000000000000000e+00 0.000000000000000000e+00 0.000000000000000000e+00 1.825414103681125999e+00 1.847786241513455252e+01 0.000000000000000000e+00 0.000000000000000000e+00
2.398618482329129904e+02 3.600865718665989590e+00 9.024349926432801219e-03 0.000000000000000000e+00 1.095400710131536927e-02 0.000000000000000000e+00 0.000000000000000000e+00 0.000000000000000000e+00 0.000000000000000000e+00 0.000000000000000000e+00 0.000000000000000000e+00 0.000000000000000000e+00 4.216955291680904772e+00 -8.686537712730962868e-01 0.000000000000000000e+00 -8.686537712730962868e-01 1.182215454036295910e+00 0.000000000000000000e+00 0.000000000000000000e+00 0.000000000000000000e+00 1.802580074567442070e+00 1.860782143315464765e+01 0.000000000000000000e+00 0.000000000000000000e+00
2.517396149856074885e+02 3.567839105990779469e+00 8.571032094882628793e-03 0.000000000000000000e+00 1.048543906707239542e-02 0.000000000000000000e+00 0.000000000000000000e+00 0.000000000000000000e+00 0.000000000000000000e+00 0.000000000000000000e+00 0.000000000000000000e+00 0.000000000000000000e+00 4.178852616690820199e+00 -8.631373162271666066e-01 0.000000000000000000e+00 -8.631373162271666066e-01 1.176567488490376068e+00 0.000000000000000000e+00 0.000000000000000000e+00 0.000000000000000000e+00 1.780268706629763997e+00 1.873510359833321814e+01 0.000000000000000000e+00 0.000000000000000000e+00
2.638847248226626903e+02 3.534638115477705789e+00 8.150492784204016461e-03 0.000000000000000000e+00 1.004286866993041663e-02 0.000000000000000000e+00 0.000000000000000000e+00 0.000000000000000000e+00 0.000000000000000000e+00 0.000000000000000000e+00 0.000000000000000000e+00 0.000000000000000000e+00 4.139944447316335818e+00 -8.574517242998458411e-01 0.000000000000000000e+00 -8.574517242998458411e-01 1.170760801058156941e+00 0.000000000000000000e+00 0.000000000000000000e+00 0.000000000000000000e+00 1.758586205456007079e+00 1.885971465825362969e+01 0.000000000000000000e+00 0.000000000000000000e+00
2.762953149328936888e+02 3.501184935048369695e+00 7.760752140914838060e-03 0.000000000000000000e+00 9.633049959310540158e-03 0.000000000000000000e+00 0.000000000000000000e+00 0.000000000000000000e+00 0.000000000000000000e+00 0.000000000000000000e+00 0.000000000000000000e+00 0.000000000000000000e+00 4.100038891515927375e+00 -8.516165867636064091e-01 0.000000000000000000e+00 -8.516165867636064091e-01 1.164816438114754105e+00 0.000000000000000000e+00 0.000000000000000000e+00 0.000000000000000000e+00 1.737541625731098049e+00 1.898175525731971902e+01 0.000000000000000000e+00 0.000000000000000000e+00
2.889694817858763258e+02 3.467416600783926661e+00 7.399812599272008289e-03 0.000000000000000000e+00 9.251606676306537574e-03 0.000000000000000000e+00 0.000000000000000000e+00 0.000000000000000000e+00 0.000000000000000000e+00 0.000000000000000000e+00 0.000000000000000000e+00 0.000000000000000000e+00 4.059288879355125168e+00 -8.456569575045268516e-01 0.000000000000000000e+00 -8.456569575045268516e-01 1.158745888925958978e+00 0.000000000000000000e+00 0.000000000000000000e+00 0.000000000000000000e+00 1.716809482654769958e+00 1.910139043412505089e+01 0.000000000000000000e+00 0.000000000000000000e+00
3.019052814239113900e+02 3.433445483342429494e+00 7.062893184012464763e-03 0.000000000000000000e+00 8.892761808700066009e-03 0.000000000000000000e+00 0.000000000000000000e+00 0.000000000000000000e+00 0.000000000000000000e+00 0.000000000000000000e+00 0.000000000000000000e+00 0.000000000000000000e+00 4.018018200446563881e+00 -8.396437882035056033e-01 0.000000000000000000e+00 -8.396437882035056033e-01 1.152508656829045908e+00 0.000000000000000000e+00 0.000000000000000000e+00 0.000000000000000000e+00 1.696388731778261105e+00 1.921870452912578742e+01 0.000000000000000000e+00 0.000000000000000000e+00
3.151007297601868800e+02 3.399246559794996791e+00 6.748571294616473662e-03 0.000000000000000000e+00 8.552637397341050773e-03 0.000000000000000000e+00 0.000000000000000000e+00 0.000000000000000000e+00 0.000000000000000000e+00 0.000000000000000000e+00 0.000000000000000000e+00 0.000000000000000000e+00 3.976158356761676060e+00 -8.334462818174619425e-01 0.000000000000000000e+00 -8.334462818174619425e-01 1.146068332659236022e+00 0.000000000000000000e+00 0.000000000000000000e+00 0.000000000000000000e+00 1.676271376297487903e+00 1.933377561635893471e+01 0.000000000000000000e+00 0.000000000000000000e+00
3.285538028830965800e+02 3.364891537430382051e+00 6.453702000779932071e-03 0.000000000000000000e+00 8.229192380482565350e-03 0.000000000000000000e+00 0.000000000000000000e+00 0.000000000000000000e+00 0.000000000000000000e+00 0.000000000000000000e+00 0.000000000000000000e+00 0.000000000000000000e+00 3.933794986620068102e+00 -8.270206997185699516e-01 0.000000000000000000e+00 -8.270206997185699516e-01 1.139425035270904107e+00 0.000000000000000000e+00 0.000000000000000000e+00 0.000000000000000000e+00 1.656592366662476001e+00 1.944662176701997325e+01 0.000000000000000000e+00 0.000000000000000000e+00
3.422624373666668021e+02 3.330286132864162862e+00 6.178050588561689871e-03 0.000000000000000000e+00 7.924343106818092924e-03 0.000000000000000000e+00 0.000000000000000000e+00 0.000000000000000000e+00 0.000000000000000000e+00 0.000000000000000000e+00 0.000000000000000000e+00 0.000000000000000000e+00 3.890727900574255216e+00 -8.204265810958859539e-01 0.000000000000000000e+00 -8.204265810958859539e-01 1.132589327368018983e+00 0.000000000000000000e+00 0.000000000000000000e+00 0.000000000000000000e+00 1.637248237484701940e+00 1.955731043443272199e+01 0.000000000000000000e+00 0.000000000000000000e+00
3.562245305870437733e+02 3.295601131054906041e+00 5.918765253299101622e-03 0.000000000000000000e+00 7.643154963539851299e-03 0.000000000000000000e+00 0.000000000000000000e+00 0.000000000000000000e+00 0.000000000000000000e+00 0.000000000000000000e+00 0.000000000000000000e+00 0.000000000000000000e+00 3.847311315562710998e+00 -8.137217786046734291e-01 0.000000000000000000e+00 -8.137217786046734291e-01 1.125549917949403067e+00 0.000000000000000000e+00 0.000000000000000000e+00 0.000000000000000000e+00 1.618375131469774075e+00 1.966594665646022477e+01 0.000000000000000000e+00 0.000000000000000000e+00
3.704379410449927263e+02 3.260571510810440277e+00 5.675117245782587347e-03 0.000000000000000000e+00 7.379804458194997793e-03 0.000000000000000000e+00 0.000000000000000000e+00 0.000000000000000000e+00 0.000000000000000000e+00 0.000000000000000000e+00 0.000000000000000000e+00 0.000000000000000000e+00 3.803198031115059052e+00 -8.068295835518687342e-01 0.000000000000000000e+00 -8.068295835518687342e-01 1.118316317405416038e+00 0.000000000000000000e+00 0.000000000000000000e+00 0.000000000000000000e+00 1.599654992785902952e+00 1.977268278698831239e+01 0.000000000000000000e+00 0.000000000000000000e+00
3.849004886943599786e+02 3.225189727286720931e+00 5.445523305778196890e-03 0.000000000000000000e+00 7.130512231688676365e-03 0.000000000000000000e+00 0.000000000000000000e+00 0.000000000000000000e+00 0.000000000000000000e+00 0.000000000000000000e+00 0.000000000000000000e+00 0.000000000000000000e+00 3.758266796035890867e+00 -7.997944475218553562e-01 0.000000000000000000e+00 -7.997944475218553562e-01 1.110921029602826904e+00 0.000000000000000000e+00 0.000000000000000000e+00 0.000000000000000000e+00 1.581208223341930008e+00 1.987758534221834950e+01 0.000000000000000000e+00 0.000000000000000000e+00
3.996099552764480904e+02 3.189607762757519005e+00 5.228036624768962401e-03 0.000000000000000000e+00 6.895705721970832314e-03 0.000000000000000000e+00 0.000000000000000000e+00 0.000000000000000000e+00 0.000000000000000000e+00 0.000000000000000000e+00 0.000000000000000000e+00 0.000000000000000000e+00 3.712834414045003140e+00 -7.926888915836041161e-01 0.000000000000000000e+00 -7.926888915836041161e-01 1.103345549603212961e+00 0.000000000000000000e+00 0.000000000000000000e+00 0.000000000000000000e+00 1.563049300518221996e+00 1.998071350318348038e+01 0.000000000000000000e+00 0.000000000000000000e+00
4.145640846602506144e+02 3.153818386386614936e+00 5.022113543677307959e-03 0.000000000000000000e+00 6.678623640477323806e-03 0.000000000000000000e+00 0.000000000000000000e+00 0.000000000000000000e+00 0.000000000000000000e+00 0.000000000000000000e+00 0.000000000000000000e+00 0.000000000000000000e+00 3.666849444021309967e+00 -7.854640413153186618e-01 0.000000000000000000e+00 -7.854640413153186618e-01 1.095586866386021985e+00 0.000000000000000000e+00 0.000000000000000000e+00 0.000000000000000000e+00 1.545232734330743041e+00 2.008217940819416469e+01 0.000000000000000000e+00 0.000000000000000000e+00
4.297605831884964118e+02 3.117679364575638434e+00 4.827890887645390830e-03 0.000000000000000000e+00 6.471084560244293876e-03 0.000000000000000000e+00 0.000000000000000000e+00 0.000000000000000000e+00 0.000000000000000000e+00 0.000000000000000000e+00 0.000000000000000000e+00 0.000000000000000000e+00 3.620204185861125801e+00 -7.780220111281709316e-01 0.000000000000000000e+00 -7.780220111281709316e-01 1.087659056108547073e+00 0.000000000000000000e+00 0.000000000000000000e+00 0.000000000000000000e+00 1.527499045178523085e+00 2.018208521333419014e+01 0.000000000000000000e+00 0.000000000000000000e+00
4.451971200294505024e+02 3.081467816707871066e+00 4.644043168864859204e-03 0.000000000000000000e+00 6.267654985806333373e-03 0.000000000000000000e+00 0.000000000000000000e+00 0.000000000000000000e+00 0.000000000000000000e+00 0.000000000000000000e+00 0.000000000000000000e+00 0.000000000000000000e+00 3.573572808160993208e+00 -7.704558398052669954e-01 0.000000000000000000e+00 -7.704558398052669954e-01 1.079555334099967956e+00 0.000000000000000000e+00 0.000000000000000000e+00 0.000000000000000000e+00 1.509812194333117974e+00 2.028037970654107980e+01 0.000000000000000000e+00 0.000000000000000000e+00
4.608713275344148883e+02 3.045128310339935140e+00 4.469686190730749395e-03 0.000000000000000000e+00 6.082305491322687052e-03 0.000000000000000000e+00 0.000000000000000000e+00 0.000000000000000000e+00 0.000000000000000000e+00 0.000000000000000000e+00 0.000000000000000000e+00 0.000000000000000000e+00 3.526680127055673797e+00 -7.627473973507512550e-01 0.000000000000000000e+00 -7.627473973507512550e-01 1.071285473901568919e+00 0.000000000000000000e+00 0.000000000000000000e+00 0.000000000000000000e+00 1.492322502443715004e+00 2.037714183277793367e+01 0.000000000000000000e+00 0.000000000000000000e+00
4.767808016008780214e+02 3.008483480288385081e+00 4.303844162937338347e-03 0.000000000000000000e+00 5.905614907620777149e-03 0.000000000000000000e+00 0.000000000000000000e+00 0.000000000000000000e+00 0.000000000000000000e+00 0.000000000000000000e+00 0.000000000000000000e+00 0.000000000000000000e+00 3.479207500460720137e+00 -7.549250137911650560e-01 0.000000000000000000e+00 -7.549250137911650560e-01 1.062854210871416072e+00 0.000000000000000000e+00 0.000000000000000000e+00 0.000000000000000000e+00 1.474905139631375039e+00 2.047248818042082519e+01 0.000000000000000000e+00 0.000000000000000000e+00
4.929231020412548219e+02 2.971808210632841174e+00 4.145491016860850669e-03 0.000000000000000000e+00 5.733420670251394673e-03 0.000000000000000000e+00 0.000000000000000000e+00 0.000000000000000000e+00 0.000000000000000000e+00 0.000000000000000000e+00 0.000000000000000000e+00 0.000000000000000000e+00 3.431733469667945791e+00 -7.470062888428138370e-01 0.000000000000000000e+00 -7.470062888428138370e-01 1.054245361214495968e+00 0.000000000000000000e+00 0.000000000000000000e+00 0.000000000000000000e+00 1.457646532932350913e+00 2.056641433522844409e+01 0.000000000000000000e+00 0.000000000000000000e+00
5.092957529571614259e+02 2.935066865406117831e+00 3.994484473226110610e-03 0.000000000000000000e+00 5.568758630110012819e-03 0.000000000000000000e+00 0.000000000000000000e+00 0.000000000000000000e+00 0.000000000000000000e+00 0.000000000000000000e+00 0.000000000000000000e+00 0.000000000000000000e+00 3.384294175039794794e+00 -7.390113044507254925e-01 0.000000000000000000e+00 -7.390113044507254925e-01 1.045458986191128981e+00 0.000000000000000000e+00 0.000000000000000000e+00 0.000000000000000000e+00 1.440383803125337980e+00 2.065892141003262594e+01 0.000000000000000000e+00 0.000000000000000000e+00
5.258962431191672522e+02 2.898163816439343954e+00 3.850164259434360817e-03 0.000000000000000000e+00 5.409659884392513038e-03 0.000000000000000000e+00 0.000000000000000000e+00 0.000000000000000000e+00 0.000000000000000000e+00 0.000000000000000000e+00 0.000000000000000000e+00 0.000000000000000000e+00 3.336766693601509015e+00 -7.309742200666874412e-01 0.000000000000000000e+00 -7.309742200666874412e-01 1.036497190735119922e+00 0.000000000000000000e+00 0.000000000000000000e+00 0.000000000000000000e+00 1.423106586599224066e+00 2.075002965787603060e+01 0.000000000000000000e+00 0.000000000000000000e+00
5.427220263519662922e+02 2.860887085720273948e+00 3.712898151954674604e-03 0.000000000000000000e+00 5.260560557295878778e-03 0.000000000000000000e+00 0.000000000000000000e+00 0.000000000000000000e+00 0.000000000000000000e+00 0.000000000000000000e+00 0.000000000000000000e+00 0.000000000000000000e+00 3.288536701963226783e+00 -7.228194959277516318e-01 0.000000000000000000e+00 -7.228194959277516318e-01 1.027359396040864903e+00 0.000000000000000000e+00 0.000000000000000000e+00 0.000000000000000000e+00 1.405879052965453013e+00 2.083977416224660217e+01 0.000000000000000000e+00 0.000000000000000000e+00
5.597705219249080528e+02 2.823505413185928070e+00 3.581537987263808988e-03 0.000000000000000000e+00 5.122322339987682438e-03 0.000000000000000000e+00 0.000000000000000000e+00 0.000000000000000000e+00 0.000000000000000000e+00 0.000000000000000000e+00 0.000000000000000000e+00 0.000000000000000000e+00 3.239855876400103973e+00 -7.145452197116747284e-01 0.000000000000000000e+00 -7.145452197116747284e-01 1.018058018099744055e+00 0.000000000000000000e+00 0.000000000000000000e+00 0.000000000000000000e+00 1.389092790784407949e+00 2.092826414436193971e+01 0.000000000000000000e+00 0.000000000000000000e+00
5.770391149478290345e+02 2.786157242112423216e+00 3.456656108989126976e-03 0.000000000000000000e+00 4.989259426300746668e-03 0.000000000000000000e+00 0.000000000000000000e+00 0.000000000000000000e+00 0.000000000000000000e+00 0.000000000000000000e+00 0.000000000000000000e+00 0.000000000000000000e+00 3.191378279642373972e+00 -7.061228721335919278e-01 0.000000000000000000e+00 -7.061228721335919278e-01 1.008577921402822097e+00 0.000000000000000000e+00 0.000000000000000000e+00 0.000000000000000000e+00 1.372373886741550919e+00 2.101555852832896676e+01 0.000000000000000000e+00 0.000000000000000000e+00
5.945251567721234096e+02 2.748677115988945818e+00 3.337162148525014624e-03 0.000000000000000000e+00 4.863675166310589028e-03 0.000000000000000000e+00 0.000000000000000000e+00 0.000000000000000000e+00 0.000000000000000000e+00 0.000000000000000000e+00 0.000000000000000000e+00 0.000000000000000000e+00 3.142949166606865852e+00 -6.976313296066014580e-01 0.000000000000000000e+00 -6.976313296066014580e-01 9.989161043715087951e-01 0.000000000000000000e+00 0.000000000000000000e+00 0.000000000000000000e+00 1.355512967166802918e+00 2.110168345687664981e+01 0.000000000000000000e+00 0.000000000000000000e+00
6.122259653969913415e+02 2.710911794854286239e+00 3.222626593530789757e-03 0.000000000000000000e+00 4.743802701784819581e-03 0.000000000000000000e+00 0.000000000000000000e+00 0.000000000000000000e+00 0.000000000000000000e+00 0.000000000000000000e+00 0.000000000000000000e+00 0.000000000000000000e+00 3.094047703019842999e+00 -6.890087960969228931e-01 0.000000000000000000e+00 -6.890087960969228931e-01 9.890694739280125880e-01 0.000000000000000000e+00 0.000000000000000000e+00 0.000000000000000000e+00 1.338708781634051048e+00 2.118670735200082333e+01 0.000000000000000000e+00 0.000000000000000000e+00
6.301388258808027558e+02 2.673058758950341840e+00 3.112415931438848680e-03 0.000000000000000000e+00 4.630054132582965207e-03 0.000000000000000000e+00 0.000000000000000000e+00 0.000000000000000000e+00 0.000000000000000000e+00 0.000000000000000000e+00 0.000000000000000000e+00 0.000000000000000000e+00 3.045126814279691008e+00 -6.802775299389913766e-01 0.000000000000000000e+00 -6.802775299389913766e-01 9.790103985436711120e-01 0.000000000000000000e+00 0.000000000000000000e+00 0.000000000000000000e+00 1.321980320587299973e+00 2.127064799346695523e+01 0.000000000000000000e+00 0.000000000000000000e+00
6.482609907575142643e+02 2.635109430943906261e+00 3.005597172463523540e-03 0.000000000000000000e+00 4.520213745174989778e-03 0.000000000000000000e+00 0.000000000000000000e+00 0.000000000000000000e+00 0.000000000000000000e+00 0.000000000000000000e+00 0.000000000000000000e+00 0.000000000000000000e+00 2.996364422822361817e+00 -6.713872295490233011e-01 0.000000000000000000e+00 -6.713872295490233011e-01 9.687568312515442148e-01 0.000000000000000000e+00 0.000000000000000000e+00 0.000000000000000000e+00 1.305127324032568925e+00 2.135354781107180600e+01 0.000000000000000000e+00 0.000000000000000000e+00
6.665896804580738717e+02 2.596805894253239266e+00 2.903444761877438992e-03 0.000000000000000000e+00 4.414357574772062240e-03 0.000000000000000000e+00 0.000000000000000000e+00 0.000000000000000000e+00 0.000000000000000000e+00 0.000000000000000000e+00 0.000000000000000000e+00 0.000000000000000000e+00 2.947286932073462040e+00 -6.622901484995703525e-01 0.000000000000000000e+00 -6.622901484995703525e-01 9.583884526117002478e-01 0.000000000000000000e+00 0.000000000000000000e+00 0.000000000000000000e+00 1.287963600298100086e+00 2.143541938512611367e+01 0.000000000000000000e+00 0.000000000000000000e+00
6.851220837367504828e+02 2.558250987260884735e+00 2.805662589613603600e-03 0.000000000000000000e+00 4.311479662621254746e-03 0.000000000000000000e+00 0.000000000000000000e+00 0.000000000000000000e+00 0.000000000000000000e+00 0.000000000000000000e+00 0.000000000000000000e+00 0.000000000000000000e+00 2.897812931394092129e+00 -6.530494640029688158e-01 0.000000000000000000e+00 -6.530494640029688158e-01 9.479536354178867974e-01 0.000000000000000000e+00 0.000000000000000000e+00 0.000000000000000000e+00 1.270721455461264027e+00 2.151627210372386401e+01 0.000000000000000000e+00 0.000000000000000000e+00
7.038553581023199968e+02 2.519722923078461463e+00 2.711503703469248655e-03 0.000000000000000000e+00 4.209373303840643378e-03 0.000000000000000000e+00 0.000000000000000000e+00 0.000000000000000000e+00 0.000000000000000000e+00 0.000000000000000000e+00 0.000000000000000000e+00 0.000000000000000000e+00 2.848259479731054977e+00 -6.437169189417227821e-01 0.000000000000000000e+00 -6.437169189417227821e-01 9.374607014659677162e-01 0.000000000000000000e+00 0.000000000000000000e+00 0.000000000000000000e+00 1.253726536699190097e+00 2.159607109613454412e+01 0.000000000000000000e+00 0.000000000000000000e+00
7.227866302540477363e+02 2.481198878298062738e+00 2.620626002833113984e-03 0.000000000000000000e+00 4.111786451881959889e-03 0.000000000000000000e+00 0.000000000000000000e+00 0.000000000000000000e+00 0.000000000000000000e+00 0.000000000000000000e+00 0.000000000000000000e+00 0.000000000000000000e+00 2.798859880976976022e+00 -6.343218891881424737e-01 0.000000000000000000e+00 -6.343218891881424737e-01 9.268775695104120027e-01 0.000000000000000000e+00 0.000000000000000000e+00 0.000000000000000000e+00 1.236659553478290041e+00 2.167482692856466642e+01 0.000000000000000000e+00 0.000000000000000000e+00
7.419129965223912677e+02 2.442705837998711438e+00 2.532980794419025568e-03 0.000000000000000000e+00 4.017136426197538343e-03 0.000000000000000000e+00 0.000000000000000000e+00 0.000000000000000000e+00 0.000000000000000000e+00 0.000000000000000000e+00 0.000000000000000000e+00 0.000000000000000000e+00 2.749799732371164929e+00 -6.247752398519715866e-01 0.000000000000000000e+00 -6.247752398519715866e-01 9.161315340763219739e-01 0.000000000000000000e+00 0.000000000000000000e+00 0.000000000000000000e+00 1.219481129479665027e+00 2.175255908416414741e+01 0.000000000000000000e+00 0.000000000000000000e+00
7.612315233143655178e+02 2.404191045060324328e+00 2.448808612845248308e-03 0.000000000000000000e+00 3.928463901090554697e-03 0.000000000000000000e+00 0.000000000000000000e+00 0.000000000000000000e+00 0.000000000000000000e+00 0.000000000000000000e+00 0.000000000000000000e+00 0.000000000000000000e+00 2.701129126137777003e+00 -6.150924560280980335e-01 0.000000000000000000e+00 -6.150924560280980335e-01 9.052244278132699495e-01 0.000000000000000000e+00 0.000000000000000000e+00 0.000000000000000000e+00 1.202028134658067016e+00 2.182928881125492637e+01 0.000000000000000000e+00 0.000000000000000000e+00
7.807392475634957236e+02 2.365658734844820810e+00 2.367894970956812943e-03 0.000000000000000000e+00 3.847460296166365333e-03 0.000000000000000000e+00 0.000000000000000000e+00 0.000000000000000000e+00 0.000000000000000000e+00 0.000000000000000000e+00 0.000000000000000000e+00 0.000000000000000000e+00 2.652807057349578113e+00 -6.053771635105567039e-01 0.000000000000000000e+00 -6.053771635105567039e-01 8.942058366709382256e-01 0.000000000000000000e+00 0.000000000000000000e+00 0.000000000000000000e+00 1.184298036764172890e+00 2.190512336730167675e+01 0.000000000000000000e+00 0.000000000000000000e+00
8.004331771842907983e+02 2.327250978805414316e+00 2.289939885954483337e-03 0.000000000000000000e+00 3.767524030855335607e-03 0.000000000000000000e+00 0.000000000000000000e+00 0.000000000000000000e+00 0.000000000000000000e+00 0.000000000000000000e+00 0.000000000000000000e+00 0.000000000000000000e+00 2.604801113536508783e+00 -5.956422850981901718e-01 0.000000000000000000e+00 -5.956422850981901718e-01 8.830821241598350024e-01 0.000000000000000000e+00 0.000000000000000000e+00 0.000000000000000000e+00 1.166607001385634002e+00 2.198010737436602113e+01 0.000000000000000000e+00 0.000000000000000000e+00
8.203102915311678771e+02 2.289013860809697043e+00 2.214585855351300023e-03 0.000000000000000000e+00 3.690747144958590135e-03 0.000000000000000000e+00 0.000000000000000000e+00 0.000000000000000000e+00 0.000000000000000000e+00 0.000000000000000000e+00 0.000000000000000000e+00 0.000000000000000000e+00 2.557355838332489029e+00 -5.858384166959281769e-01 0.000000000000000000e+00 -5.858384166959281769e-01 8.718463013210803192e-01 0.000000000000000000e+00 0.000000000000000000e+00 0.000000000000000000e+00 1.148831265629091991e+00 2.205421575515506305e+01 0.000000000000000000e+00 0.000000000000000000e+00
8.403675418617577861e+02 2.250763380876310116e+00 2.142293648466183937e-03 0.000000000000000000e+00 3.624690356745132423e-03 0.000000000000000000e+00 0.000000000000000000e+00 0.000000000000000000e+00 0.000000000000000000e+00 0.000000000000000000e+00 0.000000000000000000e+00 0.000000000000000000e+00 2.510170093011404813e+00 -5.759560396587878328e-01 0.000000000000000000e+00 -5.759560396587878328e-01 8.605008676236512999e-01 0.000000000000000000e+00 0.000000000000000000e+00 0.000000000000000000e+00 1.130852135665445068e+00 2.212755941061345766e+01 0.000000000000000000e+00 0.000000000000000000e+00
8.606018518045195833e+02 2.212492606937396911e+00 2.072140580563863570e-03 0.000000000000000000e+00 3.563507811550464029e-03 0.000000000000000000e+00 0.000000000000000000e+00 0.000000000000000000e+00 0.000000000000000000e+00 0.000000000000000000e+00 0.000000000000000000e+00 0.000000000000000000e+00 2.463012432206352020e+00 -5.659817432255279668e-01 0.000000000000000000e+00 -5.659817432255279668e-01 8.490522497829185999e-01 0.000000000000000000e+00 0.000000000000000000e+00 0.000000000000000000e+00 1.112930150561181053e+00 2.220028720203100292e+01 0.000000000000000000e+00 0.000000000000000000e+00
8.810101178305930034e+02 2.174107869518259850e+00 2.004616313648469039e-03 0.000000000000000000e+00 3.497126978984669947e-03 0.000000000000000000e+00 0.000000000000000000e+00 0.000000000000000000e+00 0.000000000000000000e+00 0.000000000000000000e+00 0.000000000000000000e+00 0.000000000000000000e+00 2.415923753552999820e+00 -5.558622122887967310e-01 0.000000000000000000e+00 -5.558622122887967310e-01 8.374792833123213542e-01 0.000000000000000000e+00 0.000000000000000000e+00 0.000000000000000000e+00 1.094816882633824040e+00 2.227233385127394527e+01 0.000000000000000000e+00 0.000000000000000000e+00
9.015892097298163890e+02 2.135666726664978476e+00 1.939132008119648712e-03 0.000000000000000000e+00 3.433340433385225713e-03 0.000000000000000000e+00 0.000000000000000000e+00 0.000000000000000000e+00 0.000000000000000000e+00 0.000000000000000000e+00 0.000000000000000000e+00 0.000000000000000000e+00 2.368893792236980822e+00 -5.456078323956488063e-01 0.000000000000000000e+00 -5.456078323956488063e-01 8.257750056763580870e-01 0.000000000000000000e+00 0.000000000000000000e+00 0.000000000000000000e+00 1.076651447012145102e+00 2.234364004391503400e+01 0.000000000000000000e+00 0.000000000000000000e+00
9.223359710908367788e+02 2.097379231574294067e+00 1.875202926373043888e-03 0.000000000000000000e+00 3.370063649479655352e-03 0.000000000000000000e+00 0.000000000000000000e+00 0.000000000000000000e+00 0.000000000000000000e+00 0.000000000000000000e+00 0.000000000000000000e+00 0.000000000000000000e+00 2.322215145826160843e+00 -5.352442706255400307e-01 0.000000000000000000e+00 -5.352442706255400307e-01 8.139473628913388437e-01 0.000000000000000000e+00 0.000000000000000000e+00 0.000000000000000000e+00 1.058597395068074043e+00 2.241421192552092023e+01 0.000000000000000000e+00 0.000000000000000000e+00
9.432472197852384852e+02 2.059170510827760481e+00 1.813278451923808470e-03 0.000000000000000000e+00 3.305917901638565255e-03 0.000000000000000000e+00 0.000000000000000000e+00 0.000000000000000000e+00 0.000000000000000000e+00 0.000000000000000000e+00 0.000000000000000000e+00 0.000000000000000000e+00 2.275789188840151134e+00 -5.247649845592232687e-01 0.000000000000000000e+00 -5.247649845592232687e-01 8.020415289388196367e-01 0.000000000000000000e+00 0.000000000000000000e+00 0.000000000000000000e+00 1.040508619009610003e+00 2.248401402008400041e+01 0.000000000000000000e+00 0.000000000000000000e+00
9.643197484556166046e+02 2.021005559878418456e+00 1.753833213093988633e-03 0.000000000000000000e+00 3.240415618491773384e-03 0.000000000000000000e+00 0.000000000000000000e+00 0.000000000000000000e+00 0.000000000000000000e+00 0.000000000000000000e+00 0.000000000000000000e+00 0.000000000000000000e+00 2.229386689558560786e+00 -5.142733551527887137e-01 0.000000000000000000e+00 -5.142733551527887137e-01 7.901071019949932328e-01 0.000000000000000000e+00 0.000000000000000000e+00 0.000000000000000000e+00 1.022502212960002987e+00 2.255298716653825863e+01 0.000000000000000000e+00 0.000000000000000000e+00
9.855503250075199730e+02 1.982933584973649577e+00 1.696462042613512905e-03 0.000000000000000000e+00 3.178660231601151270e-03 0.000000000000000000e+00 0.000000000000000000e+00 0.000000000000000000e+00 0.000000000000000000e+00 0.000000000000000000e+00 0.000000000000000000e+00 0.000000000000000000e+00 2.183201333735392158e+00 -5.037835809015378530e-01 0.000000000000000000e+00 -5.037835809015378530e-01 7.781650054267201799e-01 0.000000000000000000e+00 0.000000000000000000e+00 0.000000000000000000e+00 1.004503887713035004e+00 2.262111362391744862e+01 0.000000000000000000e+00 0.000000000000000000e+00
1.006935693105188989e+03 1.944836411605295412e+00 1.640937599738221623e-03 0.000000000000000000e+00 3.121141108633541852e-03 0.000000000000000000e+00 0.000000000000000000e+00 0.000000000000000000e+00 0.000000000000000000e+00 0.000000000000000000e+00 0.000000000000000000e+00 0.000000000000000000e+00 2.137393391367711892e+00 -4.932417266739820838e-01 0.000000000000000000e+00 -4.932417266739820838e-01 7.662446223212595608e-01 0.000000000000000000e+00 0.000000000000000000e+00 0.000000000000000000e+00 9.860183574102348025e-01 2.268847072084307825e+01 0.000000000000000000e+00 0.000000000000000000e+00
1.028472572671008948e+03 1.906970844522585029e+00 1.586956086796008358e-03 0.000000000000000000e+00 3.064054051874385946e-03 0.000000000000000000e+00 0.000000000000000000e+00 0.000000000000000000e+00 0.000000000000000000e+00 0.000000000000000000e+00 0.000000000000000000e+00 0.000000000000000000e+00 2.092114444928498962e+00 -4.825880545735011795e-01 0.000000000000000000e+00 -4.825880545735011795e-01 7.543459215519809913e-01 0.000000000000000000e+00 0.000000000000000000e+00 0.000000000000000000e+00 9.674578204202373133e-01 2.275507272624964372e+01 0.000000000000000000e+00 0.000000000000000000e+00
1.050157660388608974e+03 1.869403562855952217e+00 1.534939106707219805e-03 0.000000000000000000e+00 3.008810275966836839e-03 0.000000000000000000e+00 0.000000000000000000e+00 0.000000000000000000e+00 0.000000000000000000e+00 0.000000000000000000e+00 0.000000000000000000e+00 0.000000000000000000e+00 2.047398687370427073e+00 -4.718242703338854094e-01 0.000000000000000000e+00 -4.718242703338854094e-01 7.424531551646793570e-01 0.000000000000000000e+00 0.000000000000000000e+00 0.000000000000000000e+00 9.489555011088443015e-01 2.282090838540155175e+01 0.000000000000000000e+00 0.000000000000000000e+00
1.071987630209523104e+03 1.831877018176122141e+00 1.484918635956561936e-03 0.000000000000000000e+00 2.958813376530016609e-03 0.000000000000000000e+00 0.000000000000000000e+00 0.000000000000000000e+00 0.000000000000000000e+00 0.000000000000000000e+00 0.000000000000000000e+00 0.000000000000000000e+00 2.002869955602462948e+00 -4.609297469068580066e-01 0.000000000000000000e+00 -4.609297469068580066e-01 7.305865079795847983e-01 0.000000000000000000e+00 0.000000000000000000e+00 0.000000000000000000e+00 9.302881974627742467e-01 2.288603953044346184e+01 0.000000000000000000e+00 0.000000000000000000e+00
1.093959133863334955e+03 1.794443772945997884e+00 1.436707346492799037e-03 0.000000000000000000e+00 2.906481271013190010e-03 0.000000000000000000e+00 0.000000000000000000e+00 0.000000000000000000e+00 0.000000000000000000e+00 0.000000000000000000e+00 0.000000000000000000e+00 0.000000000000000000e+00 1.958594378009606896e+00 -4.499314564538812178e-01 0.000000000000000000e+00 -4.499314564538812178e-01 7.187865426868269569e-01 0.000000000000000000e+00 0.000000000000000000e+00 0.000000000000000000e+00 9.114848375025542682e-01 2.295048021646311653e+01 0.000000000000000000e+00 0.000000000000000000e+00
1.116068801371236987e+03 1.757237045246654361e+00 1.389572804516886646e-03 0.000000000000000000e+00 2.852716278629627115e-03 0.000000000000000000e+00 0.000000000000000000e+00 0.000000000000000000e+00 0.000000000000000000e+00 0.000000000000000000e+00 0.000000000000000000e+00 0.000000000000000000e+00 1.914721657837864077e+00 -4.388930878971484817e-01 0.000000000000000000e+00 -4.388930878971484817e-01 7.070713973378645045e-01 0.000000000000000000e+00 0.000000000000000000e+00 0.000000000000000000e+00 8.926700867435202191e-01 2.301414387502799741e+01 0.000000000000000000e+00 0.000000000000000000e+00
1.138313241562914982e+03 1.720200200525159318e+00 1.344269106642191538e-03 0.000000000000000000e+00 2.802329269810908095e-03 0.000000000000000000e+00 0.000000000000000000e+00 0.000000000000000000e+00 0.000000000000000000e+00 0.000000000000000000e+00 0.000000000000000000e+00 0.000000000000000000e+00 1.870933367215581900e+00 -4.278173110702455095e-01 0.000000000000000000e+00 -4.278173110702455095e-01 6.954183338713967322e-01 0.000000000000000000e+00 0.000000000000000000e+00 0.000000000000000000e+00 8.740484432860645692e-01 2.307702965545339424e+01 0.000000000000000000e+00 0.000000000000000000e+00
1.160689042596685113e+03 1.683223994399653645e+00 1.300123544038232250e-03 0.000000000000000000e+00 2.752868796883484008e-03 0.000000000000000000e+00 0.000000000000000000e+00 0.000000000000000000e+00 0.000000000000000000e+00 0.000000000000000000e+00 0.000000000000000000e+00 0.000000000000000000e+00 1.826901822494140015e+00 -4.165967400188427816e-01 0.000000000000000000e+00 -4.165967400188427816e-01 6.838139929714341925e-01 0.000000000000000000e+00 0.000000000000000000e+00 0.000000000000000000e+00 8.557264184764935555e-01 2.313918382806745200e+01 0.000000000000000000e+00 0.000000000000000000e+00
1.183192772482801047e+03 1.646294990573723860e+00 1.256689220015848058e-03 0.000000000000000000e+00 2.702954093586090734e-03 0.000000000000000000e+00 0.000000000000000000e+00 0.000000000000000000e+00 0.000000000000000000e+00 0.000000000000000000e+00 0.000000000000000000e+00 0.000000000000000000e+00 1.782944352221119910e+00 -4.052644168276459125e-01 0.000000000000000000e+00 -4.052644168276459125e-01 6.722758575771343725e-01 0.000000000000000000e+00 0.000000000000000000e+00 0.000000000000000000e+00 8.373525198049300844e-01 2.320057572720504169e+01 0.000000000000000000e+00 0.000000000000000000e+00
1.205820979609844926e+03 1.609638530084616548e+00 1.214391614443695354e-03 0.000000000000000000e+00 2.644389669276268548e-03 0.000000000000000000e+00 0.000000000000000000e+00 0.000000000000000000e+00 0.000000000000000000e+00 0.000000000000000000e+00 0.000000000000000000e+00 0.000000000000000000e+00 1.739461397214042027e+00 -3.938947554565104259e-01 0.000000000000000000e+00 -3.938947554565104259e-01 6.608422041981492079e-01 0.000000000000000000e+00 0.000000000000000000e+00 0.000000000000000000e+00 8.189269737347798506e-01 2.326109382040706919e+01 0.000000000000000000e+00 0.000000000000000000e+00
1.228570193274144913e+03 1.573588832640814505e+00 1.173608245576812821e-03 0.000000000000000000e+00 2.579854070724587126e-03 0.000000000000000000e+00 0.000000000000000000e+00 0.000000000000000000e+00 0.000000000000000000e+00 0.000000000000000000e+00 0.000000000000000000e+00 0.000000000000000000e+00 1.696772867761114023e+00 -3.825197983252575096e-01 0.000000000000000000e+00 -3.825197983252575096e-01 6.495424623619306947e-01 0.000000000000000000e+00 0.000000000000000000e+00 0.000000000000000000e+00 8.008162113804540017e-01 2.332051656845091259e+01 0.000000000000000000e+00 0.000000000000000000e+00
1.251436924212099939e+03 1.538115519643517892e+00 1.134262663259359358e-03 0.000000000000000000e+00 2.516859312796937420e-03 0.000000000000000000e+00 0.000000000000000000e+00 0.000000000000000000e+00 0.000000000000000000e+00 0.000000000000000000e+00 0.000000000000000000e+00 0.000000000000000000e+00 1.654820445468637047e+00 -3.711523404326755871e-01 0.000000000000000000e+00 -3.711523404326755871e-01 6.384241672355217556e-01 0.000000000000000000e+00 0.000000000000000000e+00 0.000000000000000000e+00 7.829536788619644305e-01 2.337878584847331709e+01 0.000000000000000000e+00 0.000000000000000000e+00
1.274417665135367088e+03 1.503081374636372702e+00 1.096154941806555278e-03 0.000000000000000000e+00 2.455515451609698550e-03 0.000000000000000000e+00 0.000000000000000000e+00 0.000000000000000000e+00 0.000000000000000000e+00 0.000000000000000000e+00 0.000000000000000000e+00 0.000000000000000000e+00 1.613436672712498909e+00 -3.597797316094266118e-01 0.000000000000000000e+00 -3.597797316094266118e-01 6.275118696577548505e-01 0.000000000000000000e+00 0.000000000000000000e+00 0.000000000000000000e+00 7.651855449755741168e-01 2.343591546831280681e+01 0.000000000000000000e+00 0.000000000000000000e+00
1.297508891268804064e+03 1.468390793693162610e+00 1.059354267676731673e-03 0.000000000000000000e+00 2.394825515789327647e-03 0.000000000000000000e+00 0.000000000000000000e+00 0.000000000000000000e+00 0.000000000000000000e+00 0.000000000000000000e+00 0.000000000000000000e+00 0.000000000000000000e+00 1.572501939483845979e+00 -3.484012199232504048e-01 0.000000000000000000e+00 -3.484012199232504048e-01 6.167668459742107201e-01 0.000000000000000000e+00 0.000000000000000000e+00 0.000000000000000000e+00 7.475001349115429905e-01 2.349191113912324269e+01 0.000000000000000000e+00 0.000000000000000000e+00
1.320707060891101037e+03 1.433908061237687992e+00 1.023929122364644921e-03 0.000000000000000000e+00 2.336475503412006275e-03 0.000000000000000000e+00 0.000000000000000000e+00 0.000000000000000000e+00 0.000000000000000000e+00 0.000000000000000000e+00 0.000000000000000000e+00 0.000000000000000000e+00 1.531712834457710892e+00 -3.368738000053654869e-01 0.000000000000000000e+00 -3.368738000053654869e-01 6.061673853107545362e-01 0.000000000000000000e+00 0.000000000000000000e+00 0.000000000000000000e+00 7.299097443358609771e-01 2.354678894949542212e+01 0.000000000000000000e+00 0.000000000000000000e+00
1.344008615878007049e+03 1.399739650621483866e+00 9.896112370484557840e-04 0.000000000000000000e+00 2.275733019436372052e-03 0.000000000000000000e+00 0.000000000000000000e+00 0.000000000000000000e+00 0.000000000000000000e+00 0.000000000000000000e+00 0.000000000000000000e+00 0.000000000000000000e+00 1.491134617998965961e+00 -3.252172867431388781e-01 0.000000000000000000e+00 -3.252172867431388781e-01 5.957453459222571412e-01 0.000000000000000000e+00 0.000000000000000000e+00 0.000000000000000000e+00 7.125688121864172109e-01 2.360052632569268383e+01 0.000000000000000000e+00 0.000000000000000000e+00
1.367409982248070037e+03 1.366052398452375805e+00 9.564903810660391279e-04 0.000000000000000000e+00 2.210696409696105008e-03 0.000000000000000000e+00 0.000000000000000000e+00 0.000000000000000000e+00 0.000000000000000000e+00 0.000000000000000000e+00 0.000000000000000000e+00 0.000000000000000000e+00 1.451053291684087920e+00 -3.135140775984294748e-01 0.000000000000000000e+00 -3.135140775984294748e-01 5.855186136869501290e-01 0.000000000000000000e+00 0.000000000000000000e+00 0.000000000000000000e+00 6.954827740762427046e-01 2.365303560898167845e+01 0.000000000000000000e+00 0.000000000000000000e+00
1.390907570710819073e+03 1.332975407618798069e+00 9.250659003943446750e-04 0.000000000000000000e+00 2.140773104717082556e-03 0.000000000000000000e+00 0.000000000000000000e+00 0.000000000000000000e+00 0.000000000000000000e+00 0.000000000000000000e+00 0.000000000000000000e+00 0.000000000000000000e+00 1.411749510044324030e+00 -3.018039410869011729e-01 0.000000000000000000e+00 -3.018039410869011729e-01 5.755062468001040932e-01 0.000000000000000000e+00 0.000000000000000000e+00 0.000000000000000000e+00 6.786557568965764231e-01 2.370415861417039949e+01 0.000000000000000000e+00 0.000000000000000000e+00
1.414497777217281964e+03 1.300414825449005107e+00 8.948422783632669752e-04 0.000000000000000000e+00 2.073602277898559977e-03 0.000000000000000000e+00 0.000000000000000000e+00 0.000000000000000000e+00 0.000000000000000000e+00 0.000000000000000000e+00 0.000000000000000000e+00 0.000000000000000000e+00 1.372959567137344905e+00 -2.900279311177260122e-01 0.000000000000000000e+00 -2.900279311177260122e-01 5.657431422264749266e-01 0.000000000000000000e+00 0.000000000000000000e+00 0.000000000000000000e+00 6.620968914524321125e-01 2.375386003305466787e+01 0.000000000000000000e+00 0.000000000000000000e+00
1.438176983512777042e+03 1.268307712477189986e+00 8.658754268509425041e-04 0.000000000000000000e+00 2.007662800082491480e-03 0.000000000000000000e+00 0.000000000000000000e+00 0.000000000000000000e+00 0.000000000000000000e+00 0.000000000000000000e+00 0.000000000000000000e+00 0.000000000000000000e+00 1.334456972119663076e+00 -2.781664415849777749e-01 0.000000000000000000e+00 -2.781664415849777749e-01 5.562239040703664816e-01 0.000000000000000000e+00 0.000000000000000000e+00 0.000000000000000000e+00 6.458893337577906735e-01 2.380217856066178328e+01 0.000000000000000000e+00 0.000000000000000000e+00
1.461941557691872958e+03 1.236846698172336279e+00 8.380331267036652100e-04 0.000000000000000000e+00 1.939559342474394318e-03 0.000000000000000000e+00 0.000000000000000000e+00 0.000000000000000000e+00 0.000000000000000000e+00 0.000000000000000000e+00 0.000000000000000000e+00 0.000000000000000000e+00 1.296476253901442055e+00 -2.662653359770825734e-01 0.000000000000000000e+00 -2.662653359770825734e-01 5.469635216752800622e-01 0.000000000000000000e+00 0.000000000000000000e+00 0.000000000000000000e+00 6.301933792448688454e-01 2.384909203612826190e+01 0.000000000000000000e+00 0.000000000000000000e+00
1.485787854755458056e+03 1.206168631581517214e+00 8.114201550326971633e-04 0.000000000000000000e+00 1.866500825370365256e-03 0.000000000000000000e+00 0.000000000000000000e+00 0.000000000000000000e+00 0.000000000000000000e+00 0.000000000000000000e+00 0.000000000000000000e+00 0.000000000000000000e+00 1.259191100816468012e+00 -2.543947117134974789e-01 0.000000000000000000e+00 -2.543947117134974789e-01 5.379920157014906890e-01 0.000000000000000000e+00 0.000000000000000000e+00 0.000000000000000000e+00 6.151023062068468050e-01 2.389447489132397351e+01 0.000000000000000000e+00 0.000000000000000000e+00
1.509712217169799942e+03 1.176159271025250419e+00 7.859894231059053049e-04 0.000000000000000000e+00 1.793226974376611275e-03 0.000000000000000000e+00 0.000000000000000000e+00 0.000000000000000000e+00 0.000000000000000000e+00 0.000000000000000000e+00 0.000000000000000000e+00 0.000000000000000000e+00 1.222483733016618945e+00 -2.425011082852714939e-01 0.000000000000000000e+00 -2.425011082852714939e-01 5.292943932172348154e-01 0.000000000000000000e+00 0.000000000000000000e+00 0.000000000000000000e+00 6.005061619011586860e-01 2.393824784542458062e+01 0.000000000000000000e+00 0.000000000000000000e+00
1.533710975427540006e+03 1.146723578918676933e+00 7.619277369997116099e-04 0.000000000000000000e+00 1.720323602871549938e-03 0.000000000000000000e+00 0.000000000000000000e+00 0.000000000000000000e+00 0.000000000000000000e+00 0.000000000000000000e+00 0.000000000000000000e+00 0.000000000000000000e+00 1.186275652745101050e+00 -2.305315361084898929e-01 0.000000000000000000e+00 -2.305315361084898929e-01 5.208895873944680011e-01 0.000000000000000000e+00 0.000000000000000000e+00 0.000000000000000000e+00 5.862180064413782254e-01 2.398041449609382525e+01 0.000000000000000000e+00 0.000000000000000000e+00
1.557780448610523990e+03 1.118156217663726526e+00 7.388820460081510152e-04 0.000000000000000000e+00 1.644999774126715709e-03 0.000000000000000000e+00 0.000000000000000000e+00 0.000000000000000000e+00 0.000000000000000000e+00 0.000000000000000000e+00 0.000000000000000000e+00 0.000000000000000000e+00 1.150971759118396998e+00 -2.185041736339292939e-01 0.000000000000000000e+00 -2.185041736339292939e-01 5.127827111618368239e-01 0.000000000000000000e+00 0.000000000000000000e+00 0.000000000000000000e+00 5.724728811149233376e-01 2.402091357642077440e+01 0.000000000000000000e+00 0.000000000000000000e+00
1.581916944954369910e+03 1.090715279374037117e+00 7.171494362400389257e-04 0.000000000000000000e+00 1.568335665338825178e-03 0.000000000000000000e+00 0.000000000000000000e+00 0.000000000000000000e+00 0.000000000000000000e+00 0.000000000000000000e+00 0.000000000000000000e+00 0.000000000000000000e+00 1.116857915095331943e+00 -2.064674177466317984e-01 0.000000000000000000e+00 -2.064674177466317984e-01 5.050059387820455825e-01 0.000000000000000000e+00 0.000000000000000000e+00 0.000000000000000000e+00 5.594711484336094554e-01 2.405969975315233000e+01 0.000000000000000000e+00 0.000000000000000000e+00
1.606116762414721052e+03 1.064464729161849865e+00 6.967034586010238152e-04 0.000000000000000000e+00 1.488187020360925809e-03 0.000000000000000000e+00 0.000000000000000000e+00 0.000000000000000000e+00 0.000000000000000000e+00 0.000000000000000000e+00 0.000000000000000000e+00 0.000000000000000000e+00 1.084049899420622909e+00 -1.944214986940387968e-01 0.000000000000000000e+00 -1.944214986940387968e-01 4.975881069405229118e-01 0.000000000000000000e+00 0.000000000000000000e+00 0.000000000000000000e+00 5.472142754533479980e-01 2.409668861221013003e+01 0.000000000000000000e+00 0.000000000000000000e+00
1.630376189235053971e+03 1.039264042311274006e+00 6.774340954689501071e-04 0.000000000000000000e+00 1.405189898680417673e-03 0.000000000000000000e+00 0.000000000000000000e+00 0.000000000000000000e+00 0.000000000000000000e+00 0.000000000000000000e+00 0.000000000000000000e+00 0.000000000000000000e+00 1.052185475990415009e+00 -1.823438998984300008e-01 0.000000000000000000e+00 -1.823438998984300008e-01 4.905642284205172787e-01 0.000000000000000000e+00 0.000000000000000000e+00 0.000000000000000000e+00 5.357039090189731345e-01 2.413178932466172100e+01 0.000000000000000000e+00 0.000000000000000000e+00
1.654691504515991028e+03 1.015103016917081602e+00 6.594743968246018868e-04 0.000000000000000000e+00 1.317698850713348900e-03 0.000000000000000000e+00 0.000000000000000000e+00 0.000000000000000000e+00 0.000000000000000000e+00 0.000000000000000000e+00 0.000000000000000000e+00 0.000000000000000000e+00 1.021473402698708899e+00 -1.702433690133471900e-01 0.000000000000000000e+00 -1.702433690133471900e-01 4.839541057032397120e-01 0.000000000000000000e+00 0.000000000000000000e+00 0.000000000000000000e+00 5.246796376240111526e-01 2.416489951347476151e+01 0.000000000000000000e+00 0.000000000000000000e+00
1.679058978786011039e+03 9.921951848517815975e-01 6.428243117508490503e-04 0.000000000000000000e+00 1.231484187667515997e-03 0.000000000000000000e+00 0.000000000000000000e+00 0.000000000000000000e+00 0.000000000000000000e+00 0.000000000000000000e+00 0.000000000000000000e+00 0.000000000000000000e+00 9.921893418335024917e-01 -1.580898351654748124e-01 0.000000000000000000e+00 -1.580898351654748124e-01 4.777690876734713155e-01 0.000000000000000000e+00 0.000000000000000000e+00 0.000000000000000000e+00 5.143320624897687043e-01 2.419595049361645778e+01 0.000000000000000000e+00 0.000000000000000000e+00
1.703474874573468014e+03 9.706051610952284303e-01 6.274211694211368102e-04 0.000000000000000000e+00 1.144426690157834998e-03 0.000000000000000000e+00 0.000000000000000000e+00 0.000000000000000000e+00 0.000000000000000000e+00 0.000000000000000000e+00 0.000000000000000000e+00 0.000000000000000000e+00 9.643354787500638681e-01 -1.458846512600056877e-01 0.000000000000000000e+00 -1.458846512600056877e-01 4.720308640549660817e-01 0.000000000000000000e+00 0.000000000000000000e+00 0.000000000000000000e+00 5.047457424257891789e-01 2.422496236293928717e+01 0.000000000000000000e+00 0.000000000000000000e+00
1.727935446979849075e+03 9.503644155722454911e-01 6.134466131429896357e-04 0.000000000000000000e+00 1.055249124692262232e-03 0.000000000000000000e+00 0.000000000000000000e+00 0.000000000000000000e+00 0.000000000000000000e+00 0.000000000000000000e+00 0.000000000000000000e+00 0.000000000000000000e+00 9.381263753934634408e-01 -1.336690385360325972e-01 0.000000000000000000e+00 -1.336690385360325972e-01 4.667802836531126931e-01 0.000000000000000000e+00 0.000000000000000000e+00 0.000000000000000000e+00 4.957192826409527187e-01 2.425186582816694880e+01 0.000000000000000000e+00 0.000000000000000000e+00
1.752436944254163109e+03 9.315110322711162016e-01 6.008054880602907953e-04 0.000000000000000000e+00 9.656388613279761734e-04 0.000000000000000000e+00 0.000000000000000000e+00 0.000000000000000000e+00 0.000000000000000000e+00 0.000000000000000000e+00 0.000000000000000000e+00 0.000000000000000000e+00 9.136068000861817806e-01 -1.213743984796059050e-01 0.000000000000000000e+00 -1.213743984796059050e-01 4.620156197334696069e-01 0.000000000000000000e+00 0.000000000000000000e+00 0.000000000000000000e+00 4.872913849721323132e-01 2.427662259376768361e+01 0.000000000000000000e+00 0.000000000000000000e+00
1.776975608368380108e+03 9.141150687618514459e-01 5.893234345999502069e-04 0.000000000000000000e+00 8.747595105575867863e-04 0.000000000000000000e+00 0.000000000000000000e+00 0.000000000000000000e+00 0.000000000000000000e+00 0.000000000000000000e+00 0.000000000000000000e+00 0.000000000000000000e+00 8.908670633860824584e-01 -1.090103011553759937e-01 0.000000000000000000e+00 -1.090103011553759937e-01 4.577176416509632917e-01 0.000000000000000000e+00 0.000000000000000000e+00 0.000000000000000000e+00 4.795252093411305760e-01 2.429920637770471004e+01 0.000000000000000000e+00 0.000000000000000000e+00
1.801547675593840040e+03 8.983356574146148521e-01 5.790384562602390438e-04 0.000000000000000000e+00 7.824756149926536232e-04 0.000000000000000000e+00 0.000000000000000000e+00 0.000000000000000000e+00 0.000000000000000000e+00 0.000000000000000000e+00 0.000000000000000000e+00 0.000000000000000000e+00 8.701278142114539094e-01 -9.663626369386377202e-02 0.000000000000000000e+00 -9.663626369386377202e-02 4.538673231989007739e-01 0.000000000000000000e+00 0.000000000000000000e+00 0.000000000000000000e+00 4.725517592930519872e-01 2.431957275298431398e+01 0.000000000000000000e+00 0.000000000000000000e+00
1.826149377078527095e+03 8.842400095569035168e-01 5.700371902725521805e-04 0.000000000000000000e+00 6.863422088325217465e-04 0.000000000000000000e+00 0.000000000000000000e+00 0.000000000000000000e+00 0.000000000000000000e+00 0.000000000000000000e+00 0.000000000000000000e+00 0.000000000000000000e+00 8.515765931702267144e-01 -8.428407025163771327e-02 0.000000000000000000e+00 -8.428407025163771327e-02 4.504786574743694927e-01 0.000000000000000000e+00 0.000000000000000000e+00 0.000000000000000000e+00 4.662947275296636107e-01 2.433764467835919021e+01 0.000000000000000000e+00 0.000000000000000000e+00
1.850776939425139972e+03 8.718749211137221122e-01 5.622059602794345036e-04 0.000000000000000000e+00 5.885187837939853412e-04 0.000000000000000000e+00 0.000000000000000000e+00 0.000000000000000000e+00 0.000000000000000000e+00 0.000000000000000000e+00 0.000000000000000000e+00 0.000000000000000000e+00 8.353086382469862015e-01 -7.194611773011470868e-02 0.000000000000000000e+00 -7.194611773011470868e-02 4.475580148878193221e-01 0.000000000000000000e+00 0.000000000000000000e+00 0.000000000000000000e+00 4.607526445536966886e-01 2.435334625368336958e+01 0.000000000000000000e+00 0.000000000000000000e+00
1.875426585269847010e+03 8.613044775930365216e-01 5.555782050433457318e-04 0.000000000000000000e+00 4.893262187083231504e-04 0.000000000000000000e+00 0.000000000000000000e+00 0.000000000000000000e+00 0.000000000000000000e+00 0.000000000000000000e+00 0.000000000000000000e+00 0.000000000000000000e+00 8.214006301093114137e-01 -5.961930576107236923e-02 0.000000000000000000e+00 -5.961930576107236923e-02 4.450993722899411198e-01 0.000000000000000000e+00 0.000000000000000000e+00 0.000000000000000000e+00 4.559701844978845120e-01 2.436663167252054762e+01 0.000000000000000000e+00 0.000000000000000000e+00
1.900094533861662967e+03 8.526131810653926335e-01 5.502572540308263904e-04 0.000000000000000000e+00 3.884322466530624194e-04 0.000000000000000000e+00 0.000000000000000000e+00 0.000000000000000000e+00 0.000000000000000000e+00 0.000000000000000000e+00 0.000000000000000000e+00 0.000000000000000000e+00 8.098921954001693235e-01 -4.726750008781269857e-02 0.000000000000000000e+00 -4.726750008781269857e-02 4.431231929892188726e-01 0.000000000000000000e+00 0.000000000000000000e+00 0.000000000000000000e+00 4.520650850697670031e-01 2.437746412201364521e+01 0.000000000000000000e+00 0.000000000000000000e+00
1.924777001642335108e+03 8.458562305269872184e-01 5.460803269283032255e-04 0.000000000000000000e+00 2.862355310558511220e-04 0.000000000000000000e+00 0.000000000000000000e+00 0.000000000000000000e+00 0.000000000000000000e+00 0.000000000000000000e+00 0.000000000000000000e+00 0.000000000000000000e+00 8.009219402614268235e-01 -3.490013647253312201e-02 0.000000000000000000e+00 -3.490013647253312201e-02 4.416351557231051883e-01 0.000000000000000000e+00 0.000000000000000000e+00 0.000000000000000000e+00 4.490130426178399747e-01 2.438578970987162364e+01 0.000000000000000000e+00 0.000000000000000000e+00
1.949470202826662899e+03 8.410646123633901405e-01 5.431960360020100971e-04 0.000000000000000000e+00 1.836566226517947933e-04 0.000000000000000000e+00 0.000000000000000000e+00 0.000000000000000000e+00 0.000000000000000000e+00 0.000000000000000000e+00 0.000000000000000000e+00 0.000000000000000000e+00 7.944986094889976425e-01 -2.251839349376849944e-02 0.000000000000000000e+00 -2.251839349376849944e-02 4.406352607236779795e-01 0.000000000000000000e+00 0.000000000000000000e+00 0.000000000000000000e+00 4.468403416536835815e-01 2.439159008401989581e+01 0.000000000000000000e+00 0.000000000000000000e+00
1.974170349983164897e+03 8.383350040463531938e-01 5.415071804389886114e-04 0.000000000000000000e+00 8.334517675331133734e-05 0.000000000000000000e+00 0.000000000000000000e+00 0.000000000000000000e+00 0.000000000000000000e+00 0.000000000000000000e+00 0.000000000000000000e+00 0.000000000000000000e+00 7.908117054433728699e-01 -1.020631858191334979e-02 0.000000000000000000e+00 -1.020631858191334979e-02 4.400967589598476226e-01 0.000000000000000000e+00 0.000000000000000000e+00 0.000000000000000000e+00 4.456110532131655200e-01 2.439488173155814010e+01 0.000000000000000000e+00 0.000000000000000000e+00
